2.543536e-01	2.456464e-01	0.000000e+00
0.000000e+00	5.465981e-02	4.453402e-01
3.597282e-01	0.000000e+00	1.402718e-01
4.830290e-03	5.600067e-06	4.951641e-01
1.099489e-01	6.877192e-02	3.216619e-01
4.919487e-01	2.528409e-03	5.522852e-03
2.329063e-01	1.045118e-01	1.625818e-01
3.548541e-02	8.315610e-02	3.813585e-01
3.421463e-01	1.445654e-01	1.328824e-02
1.859090e-01	2.391719e-01	7.491905e-02
7.830389e-03	4.890048e-01	7.438565e-03
1.988869e-02	4.747125e-01	5.398795e-03
3.798492e-02	3.840357e-01	7.797934e-02
3.407025e-01	1.526466e-01	6.650855e-03
3.886577e-01	2.847308e-02	8.286922e-02
3.552248e-01	1.119025e-01	3.287265e-02
4.306328e-03	3.216345e-02	4.635302e-01
2.471520e-01	3.940244e-02	2.134456e-01
9.603146e-02	3.715823e-01	3.238624e-02
1.438347e-01	3.169855e-01	3.917983e-02
3.429591e-01	1.540538e-01	2.987134e-03
2.620357e-01	6.504603e-02	1.729182e-01
9.714008e-02	2.019578e-01	2.009021e-01
4.176982e-01	8.009637e-02	2.205474e-03
2.377717e-01	8.544455e-02	1.767838e-01
9.800565e-02	3.671940e-01	3.480035e-02
4.850658e-01	9.354827e-03	5.579349e-03
1.309112e-01	3.295860e-03	3.657930e-01
4.933428e-01	5.078169e-03	1.578989e-03
3.663808e-01	5.242050e-02	8.119871e-02
3.874051e-01	2.838131e-02	8.421354e-02
1.055450e-02	4.042988e-01	8.514667e-02
1.771975e-01	2.141628e-01	1.086398e-01
3.330277e-01	9.320627e-02	7.376607e-02
3.779095e-01	7.502780e-02	4.706272e-02
1.137592e-01	8.928229e-03	3.773125e-01
7.721146e-03	4.821826e-01	1.009625e-02
2.474306e-01	1.626888e-01	8.988067e-02
1.636704e-01	2.179055e-01	1.184241e-01
2.080165e-01	4.662609e-02	2.453574e-01
1.032175e-01	6.735897e-02	3.294235e-01
6.950645e-02	1.213262e-04	4.303722e-01
7.132600e-02	3.897178e-01	3.895624e-02
4.862366e-01	6.813267e-03	6.950182e-03
1.677071e-01	2.266671e-02	3.096262e-01
4.772741e-01	1.430014e-02	8.425730e-03
1.949186e-02	1.756212e-01	3.048870e-01
2.298843e-02	4.701538e-01	6.857755e-03
7.625185e-02	2.603533e-01	1.633948e-01
9.852587e-03	3.683417e-03	4.864642e-01
2.479110e-01	4.362628e-02	2.084627e-01
2.780359e-01	1.149920e-01	1.069721e-01
4.908772e-01	8.804819e-03	3.179384e-04
5.765911e-02	1.595856e-03	4.407450e-01
4.370688e-01	5.804524e-02	4.886010e-03
1.880220e-01	2.484054e-01	6.357382e-02
1.969305e-01	8.228234e-02	2.207871e-01
1.235166e-01	2.587550e-01	1.177284e-01
5.441778e-02	4.197622e-01	2.581998e-02
2.156187e-01	2.771094e-01	7.271916e-03
6.112595e-02	1.302710e-02	4.258470e-01
2.348318e-01	4.136767e-02	2.238006e-01
5.636830e-02	4.294311e-03	4.393374e-01
9.438012e-03	2.945328e-01	1.960292e-01
1.821953e-01	2.026348e-01	1.151699e-01
7.946005e-03	7.690061e-02	4.151534e-01
1.929928e-01	2.994710e-01	7.536177e-03
4.325325e-01	2.532609e-02	4.214139e-02
4.787520e-01	1.648265e-02	4.765359e-03
3.695491e-04	4.116956e-01	8.793489e-02
1.977205e-01	2.097325e-01	9.254699e-02
3.348201e-01	4.571186e-02	1.194706e-01
5.344728e-02	3.878470e-01	5.870571e-02
2.183218e-01	2.762447e-01	5.433473e-03
3.508992e-01	1.042866e-01	4.481421e-02
3.439009e-01	1.305793e-01	2.551982e-02
5.265783e-02	4.458903e-01	1.451908e-03
1.807613e-01	1.227414e-01	1.964973e-01
4.607758e-03	4.857059e-01	9.686349e-03
4.272204e-01	1.961173e-02	5.316787e-02
9.463653e-02	3.644771e-01	4.088638e-02
1.014080e-01	2.200443e-01	1.785477e-01
2.652662e-01	1.869431e-01	4.779064e-02
3.028001e-01	1.145607e-01	8.263918e-02
1.284832e-01	1.994647e-01	1.720521e-01
4.484795e-01	8.027876e-03	4.349262e-02
2.501481e-01	1.154942e-01	1.343577e-01
7.409749e-02	7.172219e-02	3.541803e-01
7.841442e-03	4.831682e-01	8.990339e-03
2.028221e-01	1.469799e-01	1.501980e-01
3.062674e-02	3.530541e-01	1.163192e-01
4.537464e-01	9.133071e-03	3.712055e-02
4.737164e-01	2.351740e-03	2.393184e-02
1.550048e-01	5.714959e-02	2.878456e-01
1.341663e-01	2.869726e-01	7.886101e-02
1.717278e-02	2.209821e-02	4.607290e-01
4.484619e-02	3.423496e-01	1.128042e-01
3.643582e-01	5.364031e-02	8.200152e-02
5.405775e-02	1.126686e-01	3.332736e-01
3.719799e-01	5.140212e-02	7.661796e-02
3.289285e-01	1.881004e-02	1.522614e-01
2.947622e-01	9.152179e-02	1.137160e-01
2.604137e-02	4.555625e-01	1.839611e-02
1.957736e-04	1.632307e-01	3.365736e-01
4.825090e-01	1.985370e-03	1.550559e-02
1.256020e-01	2.530317e-01	1.213663e-01
1.849421e-01	1.451251e-02	3.005454e-01
1.394095e-01	6.605605e-02	2.945345e-01
4.501379e-02	4.548257e-01	1.604692e-04
1.886126e-02	4.584721e-01	2.266664e-02
3.012639e-02	2.672402e-02	4.431496e-01
4.364182e-01	3.535822e-02	2.822362e-02
3.461788e-02	3.834935e-01	8.188861e-02
4.720406e-01	2.519844e-02	2.760914e-03
2.726451e-01	6.521897e-02	1.621360e-01
3.986709e-01	9.689549e-02	7.986605e-03
5.102932e-03	3.958362e-02	4.553134e-01
4.712116e-01	1.043997e-02	1.834844e-02
4.607694e-02	6.356705e-03	4.475664e-01
4.379512e-01	5.102662e-02	1.102223e-02
5.235173e-02	1.579387e-01	2.897095e-01
3.495292e-01	1.213953e-01	2.907546e-02
3.072603e-01	1.530226e-01	3.971704e-02
2.805231e-01	4.045695e-03	2.154312e-01
2.125357e-01	8.343088e-02	2.040334e-01
1.462029e-01	8.822827e-02	2.655688e-01
2.673426e-02	1.528239e-01	3.204418e-01
3.537253e-01	7.154760e-02	7.472713e-02
3.128453e-01	1.444416e-01	4.271312e-02
3.544415e-01	7.074559e-02	7.481286e-02
8.402136e-02	2.333722e-02	3.926414e-01
5.381326e-03	6.926573e-02	4.253529e-01
3.925935e-01	9.320437e-03	9.808607e-02
1.219001e-01	1.569915e-01	2.211083e-01
4.495624e-03	4.717186e-02	4.483325e-01
2.845176e-03	2.683357e-01	2.288192e-01
3.893546e-01	4.959838e-02	6.104706e-02
1.641843e-01	1.343851e-01	2.014306e-01
7.955002e-02	2.015916e-01	2.188584e-01
2.669530e-01	1.419398e-01	9.110711e-02
1.257261e-02	4.874191e-01	8.280338e-06
7.323206e-02	2.825450e-03	4.244080e-01
5.789663e-02	7.770195e-02	3.644014e-01
1.608382e-02	4.035996e-01	8.031654e-02
1.207082e-02	1.089213e-01	3.790078e-01
7.940942e-02	3.974025e-01	2.560482e-02
3.122738e-01	1.441778e-01	4.354839e-02
9.853349e-02	1.380676e-03	4.000858e-01
1.523055e-01	2.676421e-01	8.199136e-02
9.916374e-02	4.151723e-02	3.593190e-01
2.647790e-01	2.197025e-01	1.551847e-02
4.165371e-01	5.480433e-02	2.865860e-02
6.285268e-02	4.352400e-01	1.907279e-03
4.041624e-01	3.170073e-02	6.413686e-02
2.272112e-01	1.466186e-01	1.261703e-01
4.027903e-01	5.556835e-02	4.164135e-02
1.342280e-02	7.013105e-02	4.164462e-01
2.392026e-01	1.788039e-01	8.199346e-02
2.997574e-02	9.358720e-02	3.764371e-01
1.661183e-01	2.133028e-01	1.205789e-01
3.028675e-03	3.697031e-02	4.600010e-01
9.633681e-04	1.719514e-02	4.818415e-01
1.073565e-02	6.750852e-02	4.221474e-01
1.839285e-01	1.836476e-01	1.324239e-01
2.230084e-02	3.104395e-01	1.672597e-01
2.982389e-01	1.794693e-02	1.838142e-01
1.795662e-01	4.199153e-02	2.784423e-01
8.395225e-04	3.266288e-01	1.725317e-01
4.547140e-01	3.574172e-03	4.171185e-02
2.418211e-01	3.806215e-02	2.201168e-01
3.810450e-01	4.799611e-02	7.095966e-02
3.779133e-02	4.128477e-01	4.936097e-02
1.319987e-01	2.030695e-01	1.649318e-01
3.618804e-01	8.407645e-02	5.404314e-02
2.927718e-01	1.216493e-01	8.557899e-02
5.679247e-02	5.651741e-02	3.866901e-01
4.205453e-01	4.105846e-02	3.839624e-02
3.210355e-01	1.276833e-01	5.128117e-02
4.929355e-03	2.730298e-01	2.220408e-01
2.496103e-02	2.579948e-01	2.170442e-01
2.843360e-02	4.637730e-01	7.793422e-03
3.243645e-01	1.168016e-01	5.883398e-02
1.610156e-02	6.455986e-02	4.193386e-01
6.045031e-02	2.963630e-01	1.431867e-01
1.051286e-01	3.223619e-01	7.250952e-02
2.863000e-01	1.561709e-01	5.752906e-02
4.142966e-01	4.144849e-03	8.155852e-02
4.077000e-01	1.544541e-02	7.685454e-02
3.635942e-01	8.217579e-02	5.423001e-02
3.753643e-01	2.474538e-02	1.010540e-01
3.385288e-01	6.554879e-02	9.592245e-02
2.384491e-02	5.222691e-02	4.239282e-01
4.701532e-01	1.183672e-02	1.801004e-02
3.201279e-02	4.562439e-01	1.174333e-02
1.354396e-02	3.391110e-02	4.525454e-01
1.944297e-01	9.370916e-02	2.118611e-01
1.542840e-01	1.333638e-01	2.123521e-01
3.997154e-01	2.573895e-02	7.454568e-02
7.460189e-02	1.427312e-01	2.826669e-01
1.007249e-01	2.685561e-03	3.965895e-01
2.872013e-01	1.897580e-01	2.304077e-02
4.611366e-01	2.637047e-02	1.249294e-02
9.572929e-02	3.457997e-01	5.963474e-02
3.742066e-01	4.717522e-02	7.861815e-02
1.122263e-01	3.623469e-01	2.542677e-02
3.684111e-02	2.147299e-02	4.416859e-01
3.728853e-02	2.377313e-01	2.249802e-01
1.212524e-02	4.710453e-01	1.682944e-02
3.880020e-02	3.690845e-01	9.211531e-02
8.606258e-02	1.956718e-01	2.182656e-01
2.894710e-01	1.259764e-01	8.455263e-02
7.494891e-02	3.492949e-01	7.575624e-02
1.022530e-01	2.751082e-01	1.226387e-01
8.479462e-02	3.983779e-01	1.682752e-02
4.017595e-01	9.613757e-02	2.102918e-03
1.146354e-02	4.726252e-01	1.591128e-02
2.721549e-01	1.236253e-01	1.042198e-01
2.811692e-01	1.928825e-01	2.594825e-02
3.126006e-02	3.792616e-01	8.947833e-02
8.111587e-02	4.185638e-01	3.203550e-04
3.731179e-01	1.913359e-02	1.077486e-01
2.988377e-01	1.617563e-01	3.940603e-02
9.517152e-02	1.979422e-02	3.850343e-01
5.868472e-02	3.863633e-01	5.495194e-02
2.294812e-01	2.188338e-02	2.486354e-01
8.649190e-02	4.407398e-02	3.694341e-01
4.081665e-01	2.929055e-02	6.254291e-02
1.677408e-03	9.521676e-02	4.031058e-01
2.109678e-01	2.875803e-01	1.451908e-03
7.888696e-02	3.681311e-01	5.298191e-02
1.977164e-01	2.780662e-02	2.744770e-01
9.606702e-02	2.174261e-01	1.869174e-01
2.522543e-02	2.382937e-01	2.364809e-01
3.392501e-01	2.897942e-02	1.317705e-01
3.250211e-03	3.410393e-02	4.626459e-01
1.069938e-01	5.308935e-03	3.876972e-01
2.006084e-03	3.015934e-02	4.678346e-01
4.601023e-01	2.628979e-02	1.360786e-02
4.162430e-01	8.240803e-02	1.348944e-03
1.406807e-01	6.030324e-02	2.990161e-01
1.034902e-02	1.477689e-03	4.881733e-01
1.713759e-01	3.133709e-01	1.525322e-02
4.756051e-02	1.097672e-01	3.426723e-01
5.257680e-02	2.616558e-02	4.212576e-01
3.058759e-01	1.770588e-01	1.706523e-02
3.654890e-01	6.126603e-02	7.324497e-02
2.197937e-01	1.482065e-01	1.319998e-01
3.145324e-02	6.296187e-02	4.055849e-01
6.228977e-02	2.607908e-02	4.116311e-01
3.254781e-01	1.582975e-01	1.622437e-02
1.648068e-01	2.122497e-01	1.229436e-01
3.742182e-03	1.356511e-02	4.826927e-01
1.168556e-01	4.818248e-02	3.349619e-01
2.282444e-01	1.469739e-02	2.570582e-01
2.210830e-02	2.183272e-01	2.595645e-01
2.536449e-01	1.112315e-02	2.352320e-01
2.867348e-02	9.551171e-04	4.703714e-01
6.410047e-02	1.960151e-01	2.398845e-01
4.508392e-01	1.408262e-02	3.507820e-02
2.024175e-01	2.474320e-01	5.015054e-02
5.495375e-02	4.110940e-01	3.395220e-02
3.613593e-01	3.532055e-02	1.033202e-01
2.304197e-02	3.296429e-01	1.473151e-01
2.952853e-02	1.801861e-01	2.902854e-01
3.772143e-01	4.066895e-04	1.223790e-01
3.500758e-01	7.463734e-02	7.528690e-02
4.888716e-02	4.377662e-01	1.334660e-02
3.692513e-01	8.036089e-02	5.038778e-02
2.006580e-02	3.992955e-01	8.063873e-02
8.247705e-04	9.425366e-02	4.049230e-01
5.807866e-02	1.709019e-01	2.710194e-01
1.481663e-01	1.255765e-01	2.262572e-01
2.337808e-02	5.336868e-02	4.232532e-01
1.167967e-02	2.317293e-01	2.565911e-01
4.570883e-01	8.073721e-03	3.483802e-02
5.118006e-03	5.011642e-02	4.447656e-01
2.322355e-01	2.645454e-01	3.219066e-03
3.945780e-02	1.009140e-01	3.604165e-01
3.515591e-01	1.183238e-01	3.011708e-02
4.069245e-01	7.295369e-02	2.012177e-02
2.042986e-02	4.762665e-01	3.870605e-03
4.676301e-01	1.124922e-02	2.236865e-02
9.551197e-02	2.148858e-01	1.896022e-01
3.009168e-01	1.828787e-01	1.620449e-02
1.138657e-02	5.632143e-02	4.322920e-01
7.036924e-03	4.047590e-01	8.820408e-02
1.529220e-01	2.796268e-01	6.745205e-02
1.329487e-01	1.748631e-01	1.921882e-01
3.364946e-01	6.846919e-02	9.503624e-02
1.981526e-01	2.024492e-01	9.939819e-02
1.757456e-01	1.040724e-01	2.201820e-01
2.881495e-02	1.355073e-01	3.356778e-01
7.991026e-03	4.813293e-01	1.067963e-02
1.335671e-01	6.013700e-02	3.062959e-01
1.129088e-01	3.728482e-01	1.424301e-02
1.057717e-01	2.067460e-01	1.874823e-01
2.074045e-01	2.502080e-01	4.238758e-02
4.357424e-01	5.753217e-02	6.725428e-03
3.473860e-03	1.954709e-01	3.010553e-01
1.612046e-01	9.803751e-02	2.407579e-01
1.834124e-01	6.139575e-02	2.551919e-01
3.596541e-02	4.363382e-01	2.769642e-02
1.377411e-01	5.636102e-02	3.058979e-01
3.092711e-01	1.638515e-01	2.687767e-02
7.528401e-02	1.826868e-01	2.420292e-01
2.163581e-01	1.753341e-01	1.083078e-01
1.197113e-01	3.489495e-01	3.133928e-02
9.206543e-03	1.929034e-02	4.715031e-01
4.256299e-01	2.902790e-02	4.534219e-02
8.168007e-02	3.798439e-01	3.847600e-02
2.297019e-01	3.653373e-02	2.337643e-01
4.929705e-02	4.024309e-01	4.827204e-02
7.381638e-02	6.633448e-02	3.598491e-01
2.994755e-01	1.386729e-01	6.185159e-02
4.171824e-02	3.095691e-01	1.487127e-01
4.285011e-02	1.981399e-02	4.373359e-01
1.193860e-02	4.994186e-03	4.830672e-01
1.357333e-01	2.535862e-01	1.106805e-01
3.861038e-01	3.026327e-02	8.363294e-02
4.062745e-02	4.504360e-01	8.936540e-03
8.410818e-02	3.827563e-01	3.313551e-02
1.658721e-01	1.740736e-01	1.600542e-01
3.048991e-01	3.507693e-02	1.603962e-01
1.435489e-01	1.205501e-01	2.359010e-01
5.368452e-02	1.999333e-01	2.466455e-01
3.404138e-01	4.170219e-02	1.178840e-01
1.705295e-01	3.101769e-01	1.929353e-02
5.307731e-02	3.520248e-01	9.489784e-02
1.356696e-01	2.407933e-01	1.254761e-01
2.761105e-01	1.593681e-01	6.452136e-02
1.883408e-03	3.281119e-02	4.653054e-01
4.870139e-01	3.562465e-03	9.423591e-03
3.583737e-01	1.193609e-01	2.226531e-02
2.775645e-01	1.608829e-01	6.155263e-02
5.143139e-04	1.197268e-01	3.797589e-01
1.708663e-02	4.389403e-01	4.430730e-02
7.760696e-02	5.495007e-02	3.674430e-01
3.295679e-02	2.990490e-01	1.679942e-01
3.457797e-01	6.087725e-02	9.334309e-02
3.368707e-01	1.048514e-01	5.827794e-02
4.842756e-01	8.686406e-03	7.037997e-03
2.852379e-01	1.587462e-01	5.601591e-02
4.427139e-01	5.132949e-02	5.956612e-03
1.734748e-01	3.481651e-02	2.917087e-01
3.184442e-01	1.503486e-01	3.120722e-02
5.758014e-02	3.565761e-01	8.584379e-02
4.525437e-01	3.783428e-02	9.622024e-03
4.118871e-02	1.030143e-01	3.557970e-01
8.072348e-02	1.476076e-01	2.716689e-01
3.044517e-02	4.578115e-01	1.174333e-02
1.499419e-01	3.119067e-01	3.815134e-02
3.448415e-01	8.917239e-02	6.598606e-02
1.362360e-01	2.417671e-01	1.244293e-01
3.205360e-01	1.297707e-01	4.969330e-02
8.494376e-04	1.525343e-02	4.838971e-01
2.437280e-01	2.440819e-01	1.219001e-02
4.284200e-01	8.416183e-03	6.316382e-02
5.220056e-02	3.476071e-03	4.443234e-01
3.676190e-01	2.955445e-02	1.028265e-01
1.294783e-01	3.500012e-01	2.052050e-02
1.425026e-02	4.648252e-01	2.092454e-02
2.832945e-02	5.636719e-03	4.660338e-01
3.001965e-01	1.549893e-01	4.481421e-02
1.913417e-01	9.713242e-02	2.115259e-01
1.131588e-02	3.481198e-01	1.405644e-01
3.921866e-01	7.761845e-03	1.000515e-01
3.590246e-01	1.389276e-01	2.047740e-03
7.029349e-02	3.804881e-02	3.916577e-01
4.932952e-01	5.077678e-03	1.627137e-03
8.950420e-02	1.422095e-01	2.682863e-01
8.800265e-02	3.607855e-01	5.121184e-02
4.116016e-01	5.894947e-02	2.944892e-02
6.988186e-02	1.739135e-01	2.562047e-01
2.901899e-02	3.735179e-01	9.746316e-02
1.740275e-01	3.227843e-01	3.400391e-03
1.629760e-01	9.962488e-02	2.377806e-01
1.519139e-01	8.220828e-03	3.398653e-01
1.306276e-01	2.618138e-01	1.075586e-01
4.641396e-01	8.308195e-03	2.755220e-02
7.085233e-02	2.576218e-01	1.715259e-01
2.251632e-01	1.201965e-02	2.628171e-01
2.849407e-01	1.585704e-01	5.648887e-02
8.981498e-02	7.887059e-02	3.313144e-01
2.353845e-01	8.144239e-02	1.831731e-01
1.829084e-01	1.293463e-01	1.877454e-01
3.310857e-01	1.447519e-01	2.416239e-02
5.842507e-02	4.203856e-01	2.118932e-02
4.293045e-01	3.451361e-02	3.618185e-02
1.057959e-01	3.887378e-01	5.466302e-03
3.271371e-01	7.249030e-02	1.003728e-01
4.450883e-01	1.427887e-02	4.063279e-02
4.215137e-01	4.234426e-02	3.614206e-02
2.838986e-01	8.961923e-02	1.264821e-01
7.188496e-02	5.555424e-02	3.725608e-01
8.448997e-02	3.854741e-01	3.003593e-02
1.610763e-01	1.792230e-01	1.597006e-01
4.393089e-01	4.660422e-02	1.408687e-02
2.842279e-01	9.568956e-02	1.200826e-01
4.797429e-02	3.466907e-01	1.053350e-01
9.785609e-02	2.228731e-01	1.792708e-01
3.252472e-02	2.705206e-01	1.969547e-01
2.256933e-01	1.385434e-01	1.363057e-01
1.473480e-02	3.931531e-01	9.211214e-02
1.347824e-01	4.769618e-02	3.175214e-01
2.592952e-01	1.308938e-01	1.098109e-01
2.414732e-02	5.372358e-06	4.758473e-01
1.813858e-02	2.236610e-01	2.582004e-01
5.098711e-02	1.363404e-01	3.126725e-01
2.747096e-01	1.977458e-01	2.754461e-02
2.340553e-02	4.692244e-01	7.370104e-03
4.152335e-01	7.962375e-02	5.142721e-03
2.261740e-01	7.411276e-03	2.664147e-01
2.729434e-01	9.709830e-02	1.299583e-01
1.605496e-01	2.041024e-01	1.353480e-01
8.574322e-02	4.028345e-01	1.142226e-02
3.759633e-01	8.845391e-02	3.558277e-02
1.863586e-01	2.358014e-01	7.784003e-02
6.933740e-03	4.176451e-01	7.542118e-02
2.918372e-01	4.405585e-02	1.641069e-01
6.709341e-02	9.413491e-02	3.447274e-01
3.682298e-01	4.976867e-02	8.200152e-02
1.586482e-01	5.287269e-02	2.884791e-01
2.943872e-01	1.889973e-01	1.661551e-02
5.204673e-02	2.028187e-02	4.277803e-01
1.294319e-01	7.322735e-02	2.973408e-01
2.632854e-02	5.995424e-02	4.137172e-01
2.172192e-02	9.823368e-03	4.684547e-01
1.940080e-01	2.980740e-01	7.917998e-03
4.658337e-01	1.185335e-02	2.231296e-02
9.244988e-03	5.569874e-02	4.350563e-01
4.881669e-01	6.399613e-03	5.433473e-03
3.063708e-01	1.725790e-01	2.105020e-02
2.215062e-01	1.051363e-01	1.733576e-01
1.279764e-01	3.435018e-01	2.852179e-02
4.353198e-01	3.886025e-02	2.581998e-02
5.581374e-02	3.787722e-01	6.541405e-02
3.977637e-01	1.163062e-02	9.060568e-02
1.398697e-02	5.086838e-03	4.809262e-01
3.363739e-02	8.078357e-02	3.855790e-01
9.868707e-02	2.232564e-01	1.780567e-01
1.126639e-01	2.363497e-01	1.509865e-01
6.305322e-02	4.864039e-02	3.883064e-01
2.093986e-02	4.334040e-01	4.565617e-02
2.687844e-01	3.824203e-02	1.929735e-01
1.170435e-01	5.378792e-02	3.291686e-01
4.410299e-02	4.182896e-02	4.140680e-01
4.211080e-02	6.814774e-02	3.897415e-01
1.025522e-01	2.291319e-01	1.683160e-01
1.126466e-01	5.318765e-02	3.341658e-01
1.342101e-01	3.336309e-01	3.215905e-02
6.899410e-02	2.824621e-01	1.485438e-01
1.933237e-02	1.870967e-01	2.935710e-01
1.004588e-01	5.035450e-02	3.491869e-01
4.158449e-02	2.398844e-02	4.344271e-01
4.813098e-01	2.249245e-03	1.644100e-02
8.775410e-02	1.795842e-01	2.326617e-01
3.609891e-01	5.162841e-02	8.738250e-02
3.746187e-01	5.886053e-02	6.652082e-02
3.983576e-02	1.023550e-01	3.578092e-01
7.707517e-02	2.325263e-01	1.903985e-01
2.171669e-02	4.320739e-01	4.620940e-02
1.726151e-03	6.691997e-02	4.313539e-01
2.907182e-01	1.329530e-01	7.632875e-02
6.573868e-02	1.574596e-01	2.768017e-01
1.036609e-01	2.082133e-01	1.881258e-01
3.926665e-02	5.052897e-02	4.102044e-01
1.287221e-01	1.734552e-01	1.978227e-01
2.933924e-01	5.463800e-02	1.519696e-01
1.209472e-01	2.396209e-01	1.394319e-01
3.002820e-02	3.663351e-01	1.036367e-01
3.133610e-01	4.278212e-02	1.438569e-01
3.404145e-03	6.979448e-02	4.268014e-01
1.673344e-01	2.407722e-01	9.189339e-02
4.836900e-02	2.591224e-01	1.925086e-01
3.094681e-02	4.466265e-01	2.242669e-02
3.191991e-01	1.289283e-01	5.187261e-02
1.148250e-01	2.693526e-02	3.582397e-01
4.340831e-01	2.707744e-02	3.883942e-02
4.185069e-01	3.462407e-02	4.686903e-02
3.113901e-01	1.675620e-01	2.355299e-02
3.782547e-02	1.450141e-01	3.171605e-01
3.098774e-01	7.487630e-02	1.157888e-01
1.951950e-01	2.732871e-02	2.774763e-01
6.502406e-02	1.729009e-02	4.176858e-01
1.788589e-02	3.473666e-01	1.347475e-01
2.121027e-01	1.968094e-01	9.108790e-02
3.478733e-01	1.107344e-01	4.139233e-02
1.237823e-01	9.553481e-03	3.666643e-01
4.830485e-01	1.663057e-02	3.208981e-04
7.338241e-02	3.617485e-01	6.486910e-02
2.790970e-02	1.312501e-01	3.408402e-01
2.912161e-01	1.768680e-01	3.191595e-02
4.216808e-01	7.059634e-02	7.722850e-03
1.120719e-01	2.209191e-01	1.670090e-01
1.306522e-02	4.790331e-01	7.903125e-03
2.138749e-01	2.703199e-01	1.580529e-02
7.607233e-02	4.233844e-01	5.432689e-04
2.019010e-01	1.564374e-01	1.416616e-01
1.021050e-01	3.868995e-01	1.099551e-02
1.917855e-01	8.303783e-03	2.999107e-01
1.706919e-01	3.631513e-02	2.929929e-01
3.564267e-02	1.314975e-01	3.328598e-01
1.407964e-01	3.149771e-01	4.422655e-02
4.145738e-02	2.112133e-01	2.473294e-01
5.141577e-02	3.370599e-02	4.148784e-01
4.387771e-02	3.698352e-01	8.648999e-02
8.463575e-02	2.799403e-01	1.354239e-01
9.673745e-02	3.146308e-01	8.863174e-02
3.161701e-02	4.264922e-01	4.189079e-02
3.174600e-01	1.140677e-01	6.847233e-02
2.902081e-01	1.990832e-01	1.070873e-02
1.053766e-01	2.400073e-01	1.546161e-01
1.441770e-01	3.177398e-01	3.808324e-02
1.826424e-01	1.201711e-01	1.971865e-01
2.615449e-01	1.687740e-01	6.968115e-02
2.951923e-01	6.018971e-02	1.446179e-01
6.228502e-04	4.626916e-01	3.668556e-02
3.226306e-02	3.761913e-01	9.154566e-02
9.098949e-02	3.636703e-01	4.534025e-02
2.485925e-01	4.340734e-02	2.080002e-01
1.316170e-01	4.760812e-03	3.636222e-01
1.430268e-01	3.334478e-01	2.352549e-02
1.156627e-01	2.470220e-01	1.373153e-01
7.751867e-02	3.217720e-01	1.007093e-01
4.228558e-01	4.837179e-02	2.877252e-02
4.622021e-02	1.964249e-01	2.573549e-01
1.845058e-01	1.269733e-01	1.885209e-01
1.633872e-01	9.606328e-02	2.405495e-01
2.829605e-01	4.081953e-02	1.762200e-01
1.208950e-01	3.707072e-01	8.397954e-03
7.664093e-02	2.692846e-01	1.540745e-01
4.260841e-01	2.494852e-02	4.896740e-02
2.763440e-01	8.680275e-02	1.368533e-01
1.774728e-01	1.402407e-01	1.822865e-01
1.337060e-01	2.985325e-01	6.776151e-02
2.943706e-01	1.110325e-01	9.459691e-02
1.248884e-01	1.640038e-01	2.111079e-01
2.998883e-02	3.860127e-01	8.399846e-02
1.046345e-01	4.392985e-02	3.514357e-01
1.194843e-01	3.721178e-01	8.397953e-03
4.059098e-01	7.588036e-02	1.820984e-02
2.750577e-01	6.579610e-02	1.591462e-01
2.087991e-01	3.734665e-03	2.874663e-01
1.451498e-01	3.107913e-01	4.405895e-02
1.547133e-01	1.957993e-02	3.257068e-01
3.802080e-01	1.098463e-01	9.945722e-03
2.495472e-01	1.672259e-01	8.322691e-02
1.780545e-01	1.282695e-01	1.936760e-01
2.493073e-03	2.697556e-01	2.277514e-01
2.642069e-01	2.855698e-02	2.072361e-01
1.288517e-01	3.544431e-01	1.670511e-02
1.064195e-01	2.435534e-01	1.500271e-01
4.265327e-01	1.463329e-02	5.883398e-02
1.695111e-01	1.692522e-01	1.612367e-01
1.475311e-01	3.290393e-01	2.342963e-02
1.418489e-01	3.414896e-01	1.666155e-02
4.867975e-02	2.844023e-01	1.669179e-01
2.575602e-01	2.335033e-01	8.936540e-03
1.177462e-01	3.407362e-01	4.151768e-02
8.941800e-02	3.303784e-01	8.020362e-02
8.969335e-03	4.443248e-01	4.670592e-02
3.264792e-01	5.279926e-02	1.207215e-01
5.624534e-02	3.782130e-01	6.554164e-02
1.326952e-01	5.886743e-02	3.084374e-01
8.411089e-02	4.075388e-01	8.350264e-03
3.932066e-02	8.285546e-02	3.778239e-01
1.075829e-01	2.236689e-01	1.687482e-01
1.145643e-01	2.156086e-01	1.698271e-01
2.198314e-02	1.287248e-03	4.767296e-01
1.627182e-01	1.908270e-01	1.464548e-01
7.876036e-02	9.732081e-02	3.239188e-01
3.487678e-02	3.919576e-01	7.316559e-02
1.926460e-01	2.545281e-02	2.819012e-01
1.589425e-01	1.375854e-02	3.272990e-01
5.377886e-02	3.819331e-01	6.428808e-02
4.684768e-01	6.512118e-03	2.501113e-02
1.083200e-01	1.395021e-01	2.521779e-01
2.284931e-02	7.930757e-02	3.978431e-01
2.890604e-01	4.722843e-02	1.637111e-01
2.929215e-01	1.812126e-02	1.889573e-01
1.557152e-01	2.882245e-02	3.154623e-01
4.223986e-01	1.301818e-02	6.458323e-02
1.510723e-01	3.002770e-01	4.865064e-02
3.854144e-01	3.232155e-02	8.226402e-02
1.106837e-01	4.634036e-02	3.429759e-01
1.642929e-02	4.140424e-01	6.952830e-02
6.698362e-03	2.783020e-01	2.149996e-01
5.590342e-02	4.082123e-01	3.588427e-02
7.043321e-02	4.235520e-01	6.014771e-03
1.366685e-02	1.105431e-03	4.852277e-01
4.588046e-02	1.171368e-01	3.369827e-01
3.704167e-01	6.462730e-02	6.495603e-02
1.043526e-02	2.369760e-01	2.525901e-01
7.519921e-02	6.243901e-03	4.185569e-01
2.161337e-01	2.037726e-02	2.634891e-01
7.308347e-02	7.464190e-02	3.534383e-01
1.331851e-01	2.725564e-01	9.425845e-02
9.948063e-03	4.158950e-01	7.415697e-02
1.746113e-01	2.484329e-02	3.005454e-01
4.628886e-01	2.987758e-02	7.233789e-03
2.764270e-02	2.064089e-02	4.517164e-01
1.200774e-01	3.630905e-01	1.683214e-02
3.808148e-02	3.850120e-01	7.690653e-02
5.479808e-02	2.012309e-01	2.439710e-01
3.670162e-01	3.007836e-02	1.029054e-01
4.583364e-01	1.850259e-03	3.981336e-02
4.037474e-01	4.351055e-02	5.274204e-02
2.493646e-02	2.922041e-01	1.828594e-01
1.984107e-03	4.782855e-03	4.932332e-01
2.219935e-02	3.271242e-01	1.506764e-01
1.269610e-03	9.482569e-03	4.892478e-01
1.432525e-01	3.208984e-01	3.584910e-02
2.822934e-01	1.072961e-01	1.104105e-01
1.599774e-01	1.321467e-02	3.268079e-01
3.360123e-01	1.190464e-01	4.494127e-02
2.567876e-02	1.704919e-01	3.038294e-01
2.054139e-01	1.554102e-01	1.391759e-01
1.567870e-02	7.993289e-02	4.043884e-01
1.790037e-01	2.470737e-02	2.962890e-01
3.277278e-01	1.696447e-01	2.627456e-03
3.260802e-02	3.513857e-01	1.160063e-01
4.054846e-01	7.269553e-02	2.181988e-02
1.395826e-01	2.903574e-01	7.006005e-02
3.592657e-02	4.515750e-01	1.249844e-02
8.366204e-02	1.821063e-02	3.981273e-01
4.634872e-01	2.994867e-02	6.564164e-03
3.322480e-01	1.218107e-01	4.594126e-02
1.743220e-02	3.209075e-01	1.616603e-01
2.417693e-02	1.616434e-01	3.141797e-01
6.368866e-02	4.282645e-01	8.046887e-03
3.557758e-01	3.108264e-02	1.131416e-01
3.711884e-01	1.231043e-01	5.707210e-03
8.626893e-02	1.782674e-01	2.354636e-01
1.964469e-01	2.190467e-01	8.450633e-02
4.972785e-02	4.358314e-01	1.444077e-02
5.913204e-02	1.161699e-01	3.246980e-01
1.351075e-01	2.241401e-01	1.407524e-01
3.982928e-01	4.410581e-02	5.760136e-02
5.738320e-02	2.421633e-02	4.184005e-01
2.203236e-01	1.797285e-01	9.994782e-02
6.040927e-02	1.439772e-01	2.956135e-01
1.160559e-01	2.634051e-02	3.576036e-01
5.175531e-02	1.695818e-01	2.786629e-01
1.381239e-01	3.352318e-01	2.664438e-02
4.590160e-02	4.450594e-01	9.039011e-03
4.704670e-01	1.948326e-02	1.004974e-02
2.624057e-02	1.261586e-01	3.476008e-01
6.959736e-02	3.013572e-01	1.290454e-01
2.247863e-01	8.093586e-02	1.942778e-01
4.690568e-01	1.754824e-02	1.339494e-02
3.315705e-01	1.704132e-03	1.667254e-01
1.400231e-01	1.242094e-01	2.357675e-01
7.228721e-02	4.153634e-01	1.234940e-02
3.407997e-02	4.313729e-01	3.454863e-02
1.900731e-02	4.536755e-01	2.731743e-02
4.081308e-02	4.495147e-01	9.672203e-03
4.406836e-01	5.777074e-02	1.545679e-03
1.421642e-02	4.795664e-01	6.217179e-03
4.211022e-03	1.641886e-01	3.316003e-01
3.295336e-01	1.029436e-01	6.752279e-02
2.266525e-02	1.033637e-01	3.739711e-01
8.549260e-02	1.779160e-01	2.365914e-01
5.912562e-02	4.224836e-01	1.839079e-02
7.568614e-02	1.406106e-01	2.840682e-01
6.433744e-02	2.649318e-01	1.707308e-01
2.790934e-01	1.240747e-01	9.683222e-02
2.597924e-01	2.947526e-02	2.107324e-01
2.579575e-01	1.179230e-01	1.241196e-01
4.906653e-02	4.262321e-03	4.466711e-01
1.689943e-01	2.168681e-01	1.141376e-01
3.964649e-01	1.332494e-02	9.021019e-02
2.972813e-01	1.861552e-01	1.656353e-02
1.068436e-01	2.221318e-01	1.710246e-01
7.232760e-03	3.397832e-01	1.529841e-01
5.575756e-02	1.341382e-01	3.101042e-01
4.413694e-02	1.379053e-01	3.179577e-01
1.877411e-02	4.298217e-02	4.382437e-01
2.263977e-02	1.507797e-01	3.265837e-01
2.382886e-01	1.500384e-01	1.116730e-01
1.280945e-02	9.108834e-02	3.961022e-01
3.246762e-01	2.170248e-02	1.536213e-01
1.383432e-02	4.060991e-01	8.006655e-02
4.771486e-02	4.293237e-01	2.296147e-02
3.710477e-02	3.651929e-01	9.770232e-02
3.620963e-02	1.335892e-01	3.302012e-01
1.909240e-02	1.720220e-01	3.088856e-01
4.477870e-01	3.991798e-02	1.229497e-02
3.648111e-02	3.825452e-01	8.097370e-02
2.240383e-01	5.360662e-02	2.223551e-01
6.888966e-02	3.051184e-01	1.259920e-01
2.867842e-01	1.918072e-01	2.140869e-02
5.321101e-02	1.093982e-01	3.373908e-01
1.043067e-01	1.947911e-01	2.009021e-01
4.517717e-01	3.915136e-02	9.076912e-03
2.049220e-01	1.526804e-03	2.935512e-01
1.250336e-02	8.630020e-02	4.011964e-01
1.262396e-01	6.929091e-02	3.044694e-01
3.906321e-01	8.466738e-02	2.470050e-02
1.153185e-01	3.767899e-01	7.891618e-03
3.380777e-01	1.216219e-02	1.497601e-01
7.686901e-02	3.597505e-01	6.338045e-02
2.711914e-01	1.252099e-01	1.035987e-01
1.833913e-01	6.223999e-02	2.543688e-01
2.796777e-02	2.911426e-01	1.808896e-01
1.645485e-03	4.198180e-03	4.941563e-01
2.677025e-01	1.760178e-01	5.627965e-02
2.210902e-01	1.126984e-01	1.662114e-01
1.164335e-01	8.973011e-03	3.745934e-01
1.245003e-02	7.090827e-02	4.166417e-01
3.526427e-01	9.634751e-02	5.100981e-02
2.715911e-01	9.764342e-02	1.307655e-01
1.968009e-01	1.115306e-01	1.916685e-01
1.016836e-01	3.776874e-01	2.062898e-02
1.901353e-01	2.007326e-01	1.091321e-01
3.474248e-01	6.944353e-03	1.456309e-01
1.541055e-02	2.434017e-01	2.411877e-01
3.068976e-01	1.015617e-01	9.154066e-02
2.908305e-01	1.162819e-01	9.288764e-02
1.184736e-01	3.181999e-01	6.332651e-02
1.230444e-02	4.770225e-01	1.067308e-02
5.160462e-02	1.690880e-01	2.793074e-01
1.336686e-02	1.085847e-01	3.780943e-01
1.273497e-01	3.534529e-01	1.919829e-02
1.204394e-01	2.386149e-01	1.409457e-01
2.741239e-01	1.810123e-01	4.486389e-02
1.386395e-01	2.249561e-01	1.364043e-01
1.217258e-01	2.571156e-01	1.211587e-01
2.355072e-02	4.721351e-01	4.314174e-03
1.542415e-01	9.097158e-02	2.547869e-01
3.929400e-01	5.622050e-02	5.083950e-02
1.313020e-01	3.388351e-01	2.986290e-02
1.243241e-01	1.510005e-01	2.246754e-01
2.408453e-01	1.874375e-01	7.171722e-02
4.576923e-02	1.346413e-01	3.199709e-01
1.768338e-01	1.229490e-02	3.108713e-01
2.204817e-01	1.804015e-01	9.911687e-02
3.107427e-01	1.267143e-01	6.254291e-02
2.317899e-01	1.535590e-01	1.146511e-01
2.994667e-02	9.975271e-04	4.690558e-01
4.461573e-01	1.059208e-02	4.325058e-02
1.565820e-01	2.388817e-01	1.045363e-01
9.833920e-02	4.289820e-02	3.587626e-01
1.948102e-01	2.932215e-01	1.196825e-02
3.533276e-01	7.071764e-02	7.595475e-02
1.367387e-02	8.717714e-02	3.991490e-01
4.728306e-01	1.355298e-02	1.361638e-02
2.201221e-01	4.399262e-03	2.754796e-01
5.002968e-02	9.799071e-02	3.519796e-01
5.567466e-03	4.680669e-01	2.636565e-02
1.036634e-01	5.370851e-03	3.909657e-01
3.696666e-01	6.186106e-02	6.847233e-02
2.922868e-01	8.251282e-02	1.252004e-01
2.117490e-01	1.366279e-01	1.516231e-01
5.214053e-03	2.713866e-01	2.233993e-01
3.848490e-01	9.780968e-02	1.734131e-02
1.300745e-01	5.526978e-02	3.146558e-01
3.157293e-01	8.502243e-03	1.757685e-01
7.365063e-02	2.244200e-01	2.019294e-01
3.911842e-01	1.954389e-02	8.927194e-02
2.013461e-01	1.094596e-01	1.891942e-01
6.535724e-02	1.947132e-01	2.399298e-01
7.638327e-02	2.644768e-01	1.591400e-01
2.333765e-01	7.647287e-03	2.589762e-01
3.229069e-01	7.757259e-02	9.952052e-02
1.563633e-01	1.435744e-01	2.000622e-01
3.867429e-01	5.981607e-02	5.344100e-02
3.342176e-01	1.188963e-01	4.688615e-02
2.060033e-02	1.315088e-04	4.792682e-01
3.699012e-01	4.539139e-02	8.470739e-02
1.923214e-01	1.636423e-01	1.440363e-01
1.818641e-01	2.734680e-01	4.466790e-02
1.299334e-01	8.646956e-02	2.835970e-01
1.574811e-01	2.898948e-01	5.262413e-02
1.378252e-01	2.595714e-01	1.026034e-01
1.888840e-01	2.925957e-01	1.852034e-02
2.642083e-02	7.494782e-02	3.986314e-01
2.007029e-01	1.478605e-01	1.514366e-01
5.962811e-02	1.514711e-01	2.889008e-01
2.694672e-01	1.619788e-01	6.897505e-02
1.405163e-01	3.143505e-01	4.513328e-02
4.469967e-01	2.132912e-02	3.203917e-02
2.344069e-01	1.004131e-01	1.651800e-01
4.832784e-02	3.081826e-01	1.434895e-01
6.002832e-02	1.280131e-01	3.119586e-01
2.547924e-01	2.375204e-01	7.687162e-03
1.010097e-02	1.153719e-01	3.745272e-01
2.891008e-02	1.449972e-01	3.260929e-01
2.674262e-01	1.013076e-01	1.312662e-01
7.193779e-02	3.246663e-01	1.058095e-01
1.055553e-02	1.644197e-01	3.250247e-01
3.198868e-01	1.282406e-01	5.187261e-02
2.538831e-01	1.080984e-01	1.380185e-01
6.470568e-02	2.598570e-01	1.754373e-01
1.594461e-02	5.368502e-03	4.786869e-01
8.091411e-02	2.049242e-01	2.141617e-01
1.052188e-01	2.887759e-01	1.060056e-01
3.442231e-01	1.413693e-01	1.869012e-02
1.223846e-01	2.821388e-01	9.547665e-02
4.031640e-01	5.968180e-02	3.715422e-02
1.229251e-01	3.007937e-01	7.628121e-02
5.094079e-02	1.208751e-01	3.281841e-01
3.375362e-01	8.794270e-03	1.536695e-01
7.136302e-02	6.000704e-02	3.686299e-01
5.366835e-02	1.000927e-01	3.462390e-01
9.332429e-02	1.156808e-01	2.909950e-01
7.474808e-02	7.726661e-02	3.479853e-01
6.583432e-02	3.683240e-02	3.973333e-01
1.534707e-03	3.612690e-01	1.371963e-01
4.089941e-01	2.096842e-02	7.003751e-02
3.036024e-02	1.209016e-01	3.487381e-01
2.424243e-01	1.614320e-02	2.414325e-01
2.237903e-01	1.286492e-02	2.633448e-01
1.410604e-01	2.968698e-01	6.206984e-02
1.471281e-01	1.672329e-01	1.856390e-01
1.079114e-01	1.417096e-01	2.503792e-01
1.816563e-01	2.225654e-01	9.577830e-02
1.710098e-01	3.648756e-02	2.925027e-01
4.873096e-02	4.340348e-01	1.723424e-02
2.815762e-01	1.049576e-01	1.134662e-01
4.243620e-01	3.528110e-02	4.035688e-02
2.430354e-01	1.852474e-01	7.171722e-02
1.617353e-01	1.071543e-01	2.311104e-01
1.791047e-01	7.390427e-02	2.469910e-01
4.796793e-01	5.860592e-03	1.446008e-02
2.809098e-01	1.899716e-01	2.911854e-02
6.716356e-02	1.477409e-01	2.850956e-01
1.083600e-01	4.156683e-02	3.500731e-01
1.547651e-02	5.110664e-02	4.334169e-01
7.860906e-02	2.187797e-01	2.026113e-01
2.569645e-03	2.696790e-01	2.277514e-01
7.305932e-02	3.163476e-01	1.105931e-01
2.589658e-01	1.075562e-01	1.334780e-01
2.737898e-01	1.655148e-01	6.069542e-02
2.938718e-01	1.972068e-01	8.921386e-03
7.655475e-02	2.942746e-02	3.940178e-01
2.286114e-02	2.197744e-03	4.749411e-01
1.469799e-01	1.685002e-01	1.845198e-01
1.388892e-01	1.872012e-01	1.739096e-01
1.330136e-02	3.446934e-01	1.420052e-01
4.026336e-02	3.072332e-01	1.525035e-01
2.720383e-02	4.089807e-01	6.381550e-02
5.035302e-02	1.058516e-01	3.437953e-01
1.322220e-01	3.275973e-01	4.018075e-02
3.841226e-01	7.642899e-02	3.944841e-02
1.730026e-01	2.299239e-01	9.707347e-02
5.823394e-02	4.414452e-01	3.208981e-04
1.112676e-01	2.293739e-01	1.593585e-01
1.721129e-01	2.100865e-01	1.178006e-01
3.157389e-02	3.562956e-01	1.121305e-01
1.817170e-01	8.385901e-02	2.344240e-01
6.842854e-02	1.555871e-01	2.759844e-01
1.828884e-02	4.777599e-01	3.951259e-03
3.446885e-02	8.531637e-02	3.802148e-01
1.424005e-01	3.203546e-01	3.727511e-02
1.445741e-01	3.227649e-01	3.266100e-02
9.833296e-02	2.630635e-01	1.386036e-01
3.482660e-02	8.457027e-02	3.806031e-01
1.584232e-01	2.219865e-03	3.393569e-01
3.749790e-01	7.679498e-02	4.822607e-02
9.681873e-02	2.421468e-01	1.610345e-01
2.174302e-01	1.011754e-01	1.813944e-01
1.603234e-01	1.833259e-01	1.563506e-01
1.052913e-01	2.778693e-01	1.168393e-01
7.661089e-02	2.863599e-01	1.370292e-01
2.102504e-01	8.051042e-02	2.092392e-01
4.617552e-01	1.751685e-02	2.197590e-02
1.690252e-01	3.596052e-02	2.950143e-01
4.757952e-01	1.891807e-03	2.231296e-02
1.795467e-02	3.542323e-01	1.278131e-01
3.397489e-01	1.394515e-01	2.080047e-02
2.227625e-01	7.120591e-02	2.060316e-01
1.474166e-01	5.463095e-02	2.979526e-01
1.648019e-02	4.526195e-01	3.090034e-02
1.539909e-01	2.036236e-01	1.423857e-01
4.981555e-02	3.251323e-01	1.250522e-01
8.748204e-03	5.727071e-02	4.339811e-01
1.778534e-01	2.283712e-01	9.377540e-02
1.759758e-01	1.082401e-01	2.157841e-01
3.178786e-01	1.485930e-01	3.352841e-02
1.107914e-03	1.070391e-01	3.918530e-01
5.463134e-02	4.403624e-01	5.006281e-03
5.573104e-02	2.088053e-01	2.354636e-01
1.646866e-01	7.342140e-02	2.618920e-01
3.836871e-01	8.030871e-03	1.082820e-01
1.443774e-01	2.275305e-01	1.280921e-01
2.629108e-01	3.740634e-02	1.996829e-01
9.807880e-02	2.269425e-01	1.749787e-01
5.317619e-03	4.716660e-01	2.301637e-02
2.678703e-01	1.226023e-01	1.095275e-01
5.885089e-02	3.752872e-01	6.586187e-02
4.048518e-01	4.170715e-02	5.344100e-02
1.994489e-01	1.084282e-01	1.921229e-01
8.421466e-02	2.828447e-01	1.329406e-01
2.824765e-01	2.048581e-01	1.266541e-02
3.555843e-01	1.264974e-01	1.791835e-02
1.494896e-01	3.188511e-01	3.165924e-02
0.000000e+00	2.747590e-01	2.252410e-01
1.251212e-01	1.018758e-01	2.730029e-01
1.607749e-01	2.043888e-01	1.348364e-01
2.469250e-02	1.104236e-01	3.648839e-01
2.508625e-01	1.177946e-01	1.313429e-01
1.250951e-03	3.076026e-01	1.911464e-01
1.768980e-02	1.143040e-01	3.680062e-01
2.366436e-01	1.108529e-01	1.525035e-01
1.820656e-02	4.345627e-01	4.723072e-02
4.090949e-02	2.084219e-01	2.506686e-01
1.893916e-02	1.706414e-01	3.104195e-01
3.890591e-02	1.743760e-01	2.867181e-01
2.602262e-01	8.499510e-02	1.547787e-01
6.651784e-02	2.344107e-01	1.990715e-01
5.154565e-02	1.348133e-01	3.136410e-01
5.072363e-02	1.520031e-01	2.972733e-01
1.540247e-02	3.055910e-01	1.790065e-01
2.524393e-01	1.576139e-02	2.317995e-01
1.286524e-01	2.851109e-01	8.623676e-02
2.141241e-03	7.931761e-03	4.899270e-01
1.439601e-02	4.737640e-01	1.183995e-02
2.360035e-01	1.698838e-01	9.411268e-02
4.066821e-02	1.067266e-01	3.526052e-01
3.289097e-02	6.774590e-02	3.993631e-01
2.070861e-01	1.542928e-03	2.913710e-01
5.992315e-02	2.754456e-02	4.125323e-01
1.730305e-01	4.395198e-03	3.225743e-01
3.260168e-02	4.394802e-01	2.791810e-02
4.370178e-02	4.470830e-01	9.215359e-03
1.250349e-02	4.847394e-01	2.757143e-03
4.278916e-01	3.596630e-02	3.614206e-02
2.835841e-01	9.853187e-02	1.178840e-01
3.985845e-02	3.502167e-01	1.099249e-01
3.959991e-01	1.250206e-02	9.149880e-02
6.832656e-02	5.831214e-02	3.733613e-01
9.205060e-02	1.491601e-02	3.930335e-01
2.043829e-01	2.893988e-01	6.218231e-03
3.510123e-02	2.730288e-01	1.918699e-01
2.114517e-01	8.662080e-02	2.019275e-01
2.052588e-02	2.490134e-01	2.304607e-01
1.247380e-01	1.272840e-01	2.479779e-01
2.665953e-02	2.147135e-01	2.586269e-01
3.756080e-02	4.607979e-01	1.641305e-03
1.131217e-01	1.129489e-01	2.739294e-01
5.553115e-02	1.536960e-03	4.429320e-01
4.725193e-02	1.174277e-01	3.353203e-01
4.151196e-01	6.946728e-02	1.541314e-02
4.729799e-01	1.416560e-02	1.285448e-02
2.304798e-01	3.727455e-02	2.322457e-01
1.364644e-01	1.794872e-01	1.840484e-01
1.687679e-01	3.126042e-02	2.999717e-01
9.389570e-02	3.630508e-01	4.305352e-02
1.986530e-01	3.275771e-02	2.685893e-01
2.465692e-01	2.360309e-02	2.298277e-01
1.134753e-01	2.816861e-01	1.048386e-01
9.939756e-03	3.969236e-01	9.313663e-02
4.411399e-01	2.520835e-02	3.365180e-02
1.899500e-01	1.521460e-01	1.579041e-01
7.591584e-02	1.648838e-01	2.592003e-01
3.224875e-01	1.558751e-01	2.163742e-02
1.089599e-01	3.320103e-01	5.902979e-02
2.178389e-01	1.664979e-01	1.156633e-01
3.465431e-01	3.149891e-02	1.219580e-01
3.799588e-01	1.100955e-01	9.945722e-03
2.129878e-01	8.360834e-02	2.034039e-01
2.664457e-02	3.462028e-01	1.271526e-01
1.895761e-01	1.831736e-01	1.272503e-01
3.573634e-01	7.661908e-02	6.601752e-02
2.224599e-01	7.110917e-02	2.064310e-01
4.433830e-02	6.609984e-03	4.490517e-01
7.886727e-02	2.917690e-01	1.293637e-01
1.159873e-02	4.867600e-01	1.641305e-03
1.749634e-01	2.639681e-01	6.106849e-02
2.087833e-01	1.208560e-01	1.703607e-01
1.646715e-03	6.116461e-03	4.922368e-01
1.207285e-01	9.025280e-02	2.890187e-01
2.353322e-02	3.366708e-01	1.397960e-01
2.563988e-01	1.813306e-01	6.227089e-02
2.422620e-02	2.748632e-03	4.730252e-01
2.242207e-01	2.131903e-01	6.258900e-02
2.475036e-02	2.327281e-01	2.425216e-01
1.174553e-01	1.661685e-01	2.163762e-01
1.414254e-01	1.317236e-01	2.268510e-01
1.366812e-01	2.267508e-01	1.365680e-01
1.123344e-01	2.214366e-01	1.662290e-01
1.587496e-02	2.956367e-03	4.811687e-01
3.352290e-02	2.204531e-01	2.460240e-01
1.802382e-01	2.004581e-01	1.193036e-01
9.075358e-02	3.200624e-01	8.918404e-02
9.494405e-02	7.412260e-02	3.309334e-01
4.649721e-01	1.631134e-02	1.871656e-02
5.474346e-03	8.615876e-04	4.936641e-01
1.514338e-01	3.284525e-01	2.011366e-02
2.609535e-01	1.774941e-01	6.155266e-02
1.700566e-02	3.035339e-01	1.794605e-01
5.914945e-02	1.382206e-01	3.026300e-01
2.558367e-01	2.424743e-01	1.689007e-03
2.358555e-01	2.444893e-01	1.965521e-02
3.938789e-01	3.581398e-02	7.030716e-02
1.267413e-01	1.805762e-01	1.926824e-01
4.213830e-02	1.347182e-01	3.231436e-01
1.238223e-01	3.745430e-01	1.634752e-03
4.353910e-02	2.929812e-01	1.634797e-01
1.461457e-01	6.155029e-02	2.923040e-01
1.207039e-02	4.532565e-01	3.467311e-02
3.280237e-01	1.116507e-02	1.608113e-01
3.826119e-01	4.755251e-02	7.114544e-02
3.973005e-02	3.455944e-03	4.568140e-01
3.033561e-02	2.741722e-01	1.954922e-01
2.549932e-01	2.103336e-01	3.467311e-02
6.688046e-02	3.524178e-03	4.295954e-01
1.093745e-02	1.058515e-01	3.832110e-01
6.474642e-02	2.735760e-03	4.329833e-01
2.004681e-01	2.819363e-02	2.713382e-01
1.465020e-01	3.191491e-01	3.434886e-02
3.451076e-01	6.249068e-02	9.240172e-02
4.316997e-01	5.442322e-02	1.387708e-02
6.989262e-02	3.760988e-02	3.950026e-01
4.120768e-01	4.442761e-04	8.747893e-02
3.915649e-01	3.786316e-02	7.057193e-02
2.658696e-01	1.843102e-01	4.982023e-02
2.175434e-01	2.683668e-02	2.556199e-01
1.395729e-02	4.838372e-01	2.205474e-03
9.122664e-02	4.054868e-01	3.286573e-03
1.674642e-02	4.599313e-01	2.332230e-02
1.876100e-02	3.453693e-01	1.358697e-01
1.445181e-02	4.756006e-01	9.947634e-03
2.169724e-01	7.973728e-02	2.032904e-01
2.246838e-01	1.198510e-01	1.554652e-01
1.468643e-01	3.139559e-01	3.917983e-02
2.149614e-01	2.364228e-01	4.861577e-02
2.236661e-01	9.187256e-03	2.671467e-01
3.140755e-01	1.494229e-01	3.650159e-02
1.868727e-01	1.168283e-02	3.014445e-01
3.821563e-01	1.061452e-01	1.169855e-02
1.047056e-01	3.236692e-02	3.629274e-01
1.619532e-03	9.176046e-02	4.066200e-01
5.720349e-02	1.192251e-01	3.235714e-01
2.704697e-01	4.426957e-02	1.852607e-01
2.068377e-01	1.184074e-01	1.747550e-01
3.023439e-01	1.805909e-01	1.706523e-02
3.766744e-02	2.230578e-02	4.400268e-01
3.080455e-01	1.913045e-01	6.499720e-04
5.049639e-03	1.856328e-02	4.763871e-01
2.106415e-01	2.638431e-01	2.551540e-02
4.335791e-01	8.569298e-03	5.785163e-02
2.531866e-01	9.006992e-02	1.567435e-01
3.034566e-01	1.372455e-01	5.929793e-02
2.977224e-02	4.009762e-01	6.925158e-02
1.296489e-02	4.863916e-01	6.435602e-04
3.181845e-01	9.993455e-03	1.718221e-01
7.333721e-02	2.625278e-01	1.641350e-01
1.142093e-01	3.536662e-01	3.212448e-02
2.128015e-02	7.110418e-02	4.076157e-01
5.272540e-03	1.542828e-01	3.404446e-01
3.281709e-01	1.956768e-02	1.522614e-01
1.620651e-01	8.780097e-02	2.501340e-01
4.237507e-01	1.680844e-02	5.944086e-02
1.685840e-01	2.271766e-01	1.042394e-01
3.762201e-02	9.088202e-02	3.714960e-01
9.434759e-02	2.141350e-02	3.842389e-01
1.875087e-02	4.325173e-01	4.873184e-02
1.426401e-01	3.059584e-01	5.140146e-02
2.771598e-02	2.063737e-01	2.659103e-01
4.299044e-02	4.916135e-02	4.078482e-01
9.976744e-02	9.671501e-02	3.035177e-01
2.299588e-01	2.549966e-01	1.504453e-02
2.864815e-03	4.373882e-02	4.533964e-01
1.907547e-01	1.722161e-01	1.370292e-01
1.403613e-01	4.364464e-02	3.159941e-01
2.877055e-01	1.558056e-01	5.648887e-02
3.787895e-01	8.911883e-02	3.209167e-02
2.300267e-01	1.573222e-01	1.126512e-01
3.968519e-01	7.813697e-02	2.501113e-02
4.774590e-03	9.828187e-02	3.969435e-01
3.570774e-01	4.934282e-02	9.357976e-02
1.505997e-01	3.160016e-01	3.339875e-02
1.684116e-02	3.277289e-03	4.798815e-01
6.788823e-02	5.616554e-03	4.264952e-01
1.812193e-01	8.435670e-02	2.344240e-01
1.593310e-01	3.219600e-01	1.870903e-02
4.303685e-01	8.384572e-04	6.879308e-02
9.484258e-02	3.650262e-01	4.061002e-02
3.950356e-01	3.312840e-02	7.183595e-02
2.143709e-02	2.336377e-01	2.449252e-01
9.017100e-02	2.949814e-01	1.148476e-01
2.419548e-01	2.034525e-01	5.459267e-02
7.972292e-02	2.659955e-01	1.542816e-01
2.170414e-02	2.790516e-02	4.503907e-01
8.890215e-02	1.746456e-03	4.093514e-01
6.960034e-02	2.558620e-01	1.745377e-01
8.225490e-02	1.702465e-02	4.007205e-01
2.399396e-01	2.498589e-01	1.020151e-02
1.183828e-01	1.034809e-01	2.781363e-01
7.352384e-02	2.510388e-01	1.754373e-01
7.725812e-03	4.732377e-01	1.903648e-02
8.375100e-03	2.682256e-01	2.233993e-01
4.737240e-02	6.535425e-03	4.460922e-01
3.084879e-01	1.911685e-01	3.436537e-04
1.000214e-01	9.289079e-02	3.070879e-01
4.515188e-01	3.054849e-02	1.793273e-02
1.536272e-01	3.349442e-02	3.128783e-01
8.265087e-02	7.922379e-03	4.094267e-01
3.317142e-02	3.115449e-01	1.552837e-01
5.201201e-02	3.773298e-01	7.065823e-02
1.842312e-01	2.003663e-01	1.154025e-01
3.442503e-02	1.241377e-03	4.643336e-01
4.558992e-01	3.324489e-02	1.085605e-02
2.370945e-01	9.844712e-02	1.644583e-01
2.234178e-01	1.528021e-01	1.237801e-01
3.053018e-01	1.790960e-01	1.560216e-02
5.944387e-02	5.448537e-02	3.860708e-01
3.625864e-01	3.264498e-02	1.047686e-01
6.250162e-02	4.162575e-01	2.124088e-02
1.214522e-01	1.492995e-01	2.292483e-01
1.524884e-02	1.323274e-01	3.524237e-01
4.116114e-02	3.887788e-01	7.006005e-02
1.116087e-01	1.976161e-01	1.907752e-01
1.936898e-01	4.380507e-02	2.625052e-01
1.190736e-01	2.478427e-01	1.330837e-01
8.447016e-03	3.219152e-02	4.593615e-01
8.234614e-02	1.919790e-01	2.256748e-01
1.902442e-02	4.369166e-01	4.405895e-02
9.038569e-02	1.185239e-01	2.910904e-01
3.522190e-01	7.182630e-02	7.595475e-02
3.626258e-02	3.769999e-01	8.673751e-02
4.532810e-01	1.044326e-02	3.627571e-02
2.631596e-01	6.348276e-02	1.733576e-01
1.205641e-02	4.683712e-01	1.957244e-02
2.518364e-01	1.457662e-01	1.023974e-01
2.568729e-01	2.262648e-01	1.686235e-02
4.460091e-02	3.759308e-01	7.946832e-02
2.190515e-01	1.714758e-01	1.094727e-01
2.276491e-02	4.596004e-01	1.763472e-02
1.265023e-01	3.241718e-01	4.932594e-02
4.296949e-01	6.783630e-02	2.468786e-03
1.651681e-02	2.948084e-01	1.886748e-01
8.833401e-03	3.907378e-03	4.872592e-01
9.642648e-02	2.971393e-01	1.064343e-01
9.105141e-02	1.234243e-01	2.855243e-01
8.095132e-02	7.759470e-03	4.112892e-01
1.770091e-03	4.661068e-01	3.212307e-02
5.122386e-02	3.951253e-01	5.365083e-02
3.441256e-02	1.074190e-03	4.645133e-01
1.295107e-03	4.480737e-01	5.063115e-02
2.733474e-01	1.302989e-01	9.635376e-02
3.480242e-01	2.045152e-02	1.315243e-01
7.225900e-04	3.945537e-01	1.047237e-01
3.103617e-01	4.068639e-02	1.489519e-01
1.385444e-01	1.838673e-01	1.775884e-01
1.097727e-01	2.461615e-01	1.440658e-01
2.414933e-01	2.031888e-01	5.531781e-02
9.586998e-03	1.461263e-01	3.442867e-01
1.577520e-01	3.085856e-02	3.113894e-01
2.523019e-02	1.124854e-01	3.622844e-01
3.188565e-01	8.226845e-02	9.887502e-02
8.438582e-03	3.738221e-02	4.541792e-01
2.218032e-01	2.142103e-01	6.398651e-02
5.697744e-03	2.685371e-03	4.916169e-01
6.129432e-02	2.013814e-01	2.373242e-01
7.715397e-02	6.106417e-02	3.617819e-01
1.422880e-01	3.477663e-01	9.945722e-03
2.793436e-01	4.314019e-02	1.775162e-01
8.041419e-02	4.171938e-01	2.392006e-03
3.530413e-02	1.302485e-01	3.344474e-01
3.518202e-02	2.736572e-01	1.911608e-01
2.594051e-01	1.935020e-01	4.709297e-02
7.069925e-02	3.682439e-01	6.105689e-02
2.553735e-02	2.901433e-01	1.843193e-01
1.345936e-03	1.850130e-01	3.136410e-01
9.180872e-02	2.262239e-01	1.819674e-01
8.702057e-03	4.896566e-01	1.641305e-03
3.468828e-01	6.933520e-03	1.461837e-01
1.260021e-01	3.360480e-01	3.794993e-02
1.467000e-01	3.345910e-01	1.870903e-02
2.462702e-01	1.106266e-01	1.431031e-01
1.472499e-01	3.372473e-01	1.550286e-02
1.788674e-01	3.129980e-01	8.134636e-03
2.287249e-01	7.448806e-03	2.638263e-01
4.397395e-01	4.206744e-02	1.819302e-02
3.833710e-01	4.051838e-02	7.611059e-02
3.355688e-01	1.003898e-02	1.543923e-01
3.891160e-02	2.091653e-02	4.401727e-01
2.387259e-01	6.980349e-03	2.542938e-01
2.059917e-01	9.928166e-02	1.947267e-01
4.433743e-01	1.068445e-02	4.594126e-02
4.152367e-02	1.858892e-01	2.725871e-01
2.777629e-02	1.591360e-01	3.130877e-01
1.076468e-01	2.238017e-01	1.685515e-01
1.344982e-01	2.545967e-01	1.109051e-01
6.826025e-03	1.368453e-01	3.563286e-01
5.517501e-02	4.421725e-01	2.652530e-03
1.649974e-01	2.395093e-02	3.110517e-01
4.657341e-02	9.874381e-02	3.546828e-01
1.873499e-01	2.524570e-01	6.019310e-02
1.623962e-01	5.650281e-02	2.811010e-01
8.520578e-02	1.986096e-01	2.161846e-01
6.149553e-02	2.368591e-01	2.016456e-01
2.503474e-01	1.202783e-01	1.293742e-01
1.776647e-01	1.258380e-01	1.964973e-01
6.709388e-03	2.999998e-03	4.902906e-01
2.576671e-02	9.128246e-02	3.829508e-01
2.124052e-01	1.670178e-01	1.205771e-01
5.320385e-02	3.417981e-01	1.049980e-01
4.492862e-01	1.344098e-02	3.727286e-02
2.884918e-01	1.487662e-01	6.274202e-02
2.617517e-02	1.669169e-01	3.069080e-01
7.045338e-03	4.243670e-01	6.858765e-02
3.387596e-02	7.555194e-02	3.905721e-01
2.700233e-01	4.245670e-02	1.875200e-01
8.817055e-02	4.504047e-02	3.667890e-01
8.252977e-02	1.746188e-01	2.428514e-01
9.288461e-02	3.577298e-01	4.938554e-02
7.448528e-02	5.322961e-02	3.722851e-01
1.086295e-01	7.196617e-02	3.194044e-01
7.368654e-02	2.520820e-01	1.742315e-01
2.588097e-02	2.753981e-02	4.470019e-01
6.666870e-02	4.377321e-02	3.895581e-01
1.000866e-01	3.255237e-01	7.438972e-02
2.768006e-01	6.621301e-02	1.569864e-01
2.267200e-01	1.244429e-01	1.488404e-01
3.141363e-01	1.494519e-01	3.641183e-02
1.372555e-02	3.443379e-01	1.419365e-01
2.624386e-01	9.497980e-02	1.425816e-01
2.547364e-02	1.122420e-01	3.622844e-01
1.887320e-01	7.303145e-02	2.382366e-01
3.561524e-01	7.254601e-02	7.130163e-02
9.260039e-02	3.025610e-01	1.048386e-01
4.382570e-01	5.690370e-02	4.839302e-03
2.659293e-02	2.117418e-01	2.616653e-01
2.046025e-01	2.831025e-01	1.229497e-02
3.567195e-01	1.238141e-01	1.946641e-02
7.266932e-02	4.085729e-01	1.875775e-02
2.031168e-01	9.840908e-02	1.984741e-01
2.180894e-02	4.689757e-01	9.215357e-03
6.881425e-02	2.992802e-01	1.319056e-01
1.552068e-01	8.551725e-03	3.362415e-01
1.332565e-01	3.281530e-01	3.859048e-02
2.433550e-01	2.354280e-01	2.121698e-02
1.746399e-01	2.623179e-01	6.304241e-02
2.390486e-01	1.930788e-01	6.787258e-02
1.515233e-01	3.315854e-01	1.689127e-02
1.196278e-01	7.806820e-02	3.023040e-01
2.096391e-01	8.112166e-02	2.092392e-01
2.468331e-01	1.103676e-01	1.427994e-01
2.961026e-01	6.637025e-02	1.375272e-01
3.469850e-02	2.514383e-01	2.138632e-01
1.566832e-02	6.334960e-02	4.209821e-01
4.456618e-01	1.058031e-02	4.375792e-02
1.182099e-01	1.692134e-02	3.648689e-01
4.445518e-01	1.758608e-02	3.786214e-02
7.426061e-02	3.657711e-01	5.996828e-02
1.225950e-02	4.418347e-01	4.590578e-02
1.108818e-01	5.501852e-03	3.836163e-01
5.085972e-02	3.962532e-01	5.288706e-02
5.294078e-02	9.634611e-02	3.507131e-01
4.859358e-04	6.951893e-03	4.925622e-01
3.849409e-02	3.395645e-01	1.219414e-01
7.432722e-02	4.214478e-01	4.224969e-03
4.493654e-01	3.880161e-02	1.183301e-02
1.722852e-01	2.306414e-01	9.707347e-02
2.063441e-02	3.040637e-01	1.753019e-01
8.130023e-02	3.422683e-02	3.844729e-01
1.110952e-02	5.731516e-02	4.315753e-01
1.095926e-01	2.720479e-01	1.183595e-01
2.510215e-01	1.497293e-01	9.965051e-02
9.185436e-02	1.459436e-01	2.622040e-01
1.561637e-01	2.314210e-01	1.124153e-01
9.536322e-02	1.447812e-01	2.598555e-01
2.602323e-01	2.259085e-01	1.385919e-02
2.461661e-02	2.062582e-01	2.691252e-01
2.015907e-01	4.559195e-02	2.528174e-01
1.828254e-01	2.891333e-01	2.804134e-02
2.952023e-02	9.833226e-04	4.694964e-01
3.857085e-01	8.887809e-02	2.541337e-02
3.943899e-01	1.534248e-02	9.026763e-02
4.316144e-02	1.995795e-02	4.368806e-01
3.627005e-01	4.115091e-02	9.614856e-02
2.410894e-01	1.278411e-01	1.310696e-01
2.628291e-01	3.244289e-02	2.047280e-01
1.955833e-01	1.952846e-01	1.091321e-01
1.066231e-01	4.528038e-03	3.888489e-01
2.088559e-01	1.234344e-01	1.677097e-01
3.375018e-02	1.913692e-01	2.748807e-01
1.093032e-01	3.803672e-01	1.032965e-02
7.285150e-02	3.579183e-01	6.923023e-02
2.584805e-01	1.181620e-01	1.233575e-01
8.210283e-02	7.583318e-02	3.420640e-01
6.219917e-02	3.053005e-01	1.325004e-01
5.771130e-03	4.772685e-01	1.696037e-02
1.041894e-01	2.839990e-01	1.118116e-01
1.047253e-02	4.804221e-01	9.105414e-03
3.336091e-01	9.336902e-02	7.302184e-02
4.888138e-01	9.660963e-03	1.525200e-03
2.665593e-01	1.218552e-01	1.115855e-01
3.220971e-01	7.566469e-02	1.022382e-01
8.008943e-02	1.464482e-01	2.734624e-01
5.749959e-02	4.247584e-01	1.774200e-02
2.745063e-02	4.437517e-01	2.879766e-02
2.089629e-01	1.374889e-01	1.535483e-01
3.686375e-01	2.425063e-02	1.071119e-01
4.231620e-02	3.779993e-01	7.968445e-02
8.683983e-02	1.079171e-01	3.052430e-01
2.053225e-01	1.451780e-01	1.494995e-01
3.415762e-02	3.907125e-01	7.512984e-02
3.705357e-01	4.590735e-02	8.355697e-02
1.893387e-01	2.999701e-02	2.806643e-01
2.485134e-01	8.469167e-03	2.430175e-01
9.009303e-02	2.812793e-01	1.286277e-01
5.863694e-02	3.571718e-01	8.419126e-02
7.045118e-02	5.949594e-02	3.700529e-01
2.190327e-01	8.049446e-02	2.004728e-01
2.710848e-02	4.208445e-01	5.204700e-02
8.992869e-03	3.664999e-02	4.543571e-01
2.452181e-01	2.310062e-01	2.377579e-02
4.294881e-02	4.399540e-01	1.709720e-02
5.116153e-02	7.021157e-02	3.786269e-01
3.333666e-01	2.729544e-02	1.393379e-01
2.446364e-02	8.426969e-03	4.671094e-01
3.795108e-01	1.091671e-01	1.132212e-02
4.996268e-02	4.254089e-01	2.462847e-02
6.018162e-02	1.172441e-01	3.225743e-01
2.783663e-01	4.014590e-03	2.176191e-01
2.041188e-01	2.555137e-01	4.036753e-02
3.580739e-01	3.269317e-02	1.092329e-01
1.109857e-01	4.182422e-02	3.471901e-01
2.284831e-01	2.429596e-01	2.855732e-02
2.967344e-01	1.334370e-01	6.982864e-02
2.739735e-01	1.220134e-01	1.040130e-01
2.291040e-01	4.463876e-02	2.262572e-01
2.682027e-01	3.194095e-03	2.286032e-01
1.322745e-01	2.750541e-02	3.402201e-01
6.288982e-02	1.605828e-01	2.765274e-01
5.562409e-04	2.164138e-01	2.830299e-01
7.008102e-03	1.537059e-02	4.776213e-01
5.904863e-02	3.449806e-01	9.597078e-02
2.646181e-02	4.269833e-01	4.655490e-02
1.877526e-01	1.072764e-01	2.049710e-01
2.356385e-01	1.817223e-01	8.263918e-02
3.830285e-01	3.728704e-02	7.968445e-02
1.569110e-01	2.855599e-01	5.752906e-02
1.582368e-01	7.292539e-02	2.688378e-01
9.379880e-02	1.367033e-02	3.948799e-01
4.902524e-01	4.533850e-03	5.213783e-03
1.226304e-01	2.413139e-01	1.360556e-01
4.803484e-01	1.017741e-02	9.474151e-03
2.691588e-01	4.741469e-02	1.834265e-01
1.459286e-01	3.262119e-01	2.785946e-02
2.132824e-01	2.671810e-01	1.953657e-02
3.041958e-01	1.660671e-01	2.973712e-02
5.508034e-02	1.842452e-01	2.606745e-01
6.351157e-03	3.167747e-02	4.619714e-01
3.438830e-03	2.182809e-02	4.747331e-01
6.227187e-04	4.625939e-01	3.678338e-02
1.124529e-01	3.046779e-01	8.286922e-02
4.344188e-01	5.149435e-02	1.408687e-02
8.877923e-02	5.425572e-02	3.569650e-01
1.212892e-01	3.427534e-01	3.595738e-02
1.526480e-01	2.791258e-01	6.865178e-02
3.317328e-01	1.223259e-01	4.594126e-02
4.540291e-02	1.159317e-01	3.386654e-01
3.194510e-02	4.094073e-01	5.864762e-02
1.727391e-02	4.612317e-01	2.149441e-02
5.261954e-02	3.198734e-01	1.275070e-01
1.118111e-01	4.267533e-02	3.455136e-01
2.519528e-01	9.258198e-02	1.554652e-01
2.010740e-01	9.013670e-02	2.087893e-01
4.218465e-02	2.820404e-01	1.757750e-01
3.017005e-01	1.936925e-01	4.607062e-03
1.664968e-01	2.229317e-01	1.105715e-01
1.756946e-01	2.367028e-01	8.760255e-02
3.107861e-02	1.499834e-01	3.189380e-01
9.248598e-02	3.021872e-01	1.053269e-01
4.891649e-03	2.709413e-01	2.241670e-01
3.260394e-01	1.727482e-01	1.212408e-03
5.984739e-02	1.434067e-01	2.967459e-01
1.369774e-01	2.497207e-01	1.133019e-01
9.607745e-02	1.647563e-01	2.391662e-01
1.782197e-01	2.152852e-01	1.064951e-01
6.332311e-02	4.272406e-01	9.436249e-03
7.593143e-03	4.310190e-01	6.138786e-02
1.221057e-01	9.424082e-03	3.684702e-01
3.303452e-01	1.133333e-02	1.583215e-01
8.337421e-02	3.017782e-01	1.148476e-01
2.018724e-02	2.974742e-01	1.823385e-01
2.445426e-02	4.501759e-01	2.536984e-02
3.169955e-01	5.834959e-03	1.771695e-01
8.196501e-02	3.659880e-01	5.204700e-02
8.920124e-02	7.849253e-02	3.323062e-01
1.578731e-01	6.596320e-02	2.761637e-01
1.063243e-01	2.880732e-01	1.056025e-01
3.382510e-02	7.560281e-02	3.905721e-01
6.329850e-02	1.506739e-01	2.860276e-01
1.217758e-01	3.048367e-01	7.338751e-02
1.028384e-01	2.065614e-01	1.906001e-01
2.554486e-01	1.859038e-01	5.864762e-02
3.337625e-01	7.938092e-02	8.685657e-02
3.378526e-01	9.736986e-02	6.477754e-02
6.528115e-02	1.202730e-02	4.226916e-01
2.165936e-01	1.494448e-01	1.339618e-01
4.319436e-01	2.117170e-02	4.688465e-02
8.797354e-02	4.016968e-01	1.032965e-02
4.529167e-01	4.012132e-02	6.961933e-03
8.829596e-02	2.953613e-01	1.163427e-01
1.465397e-01	3.070426e-01	4.641763e-02
1.393680e-01	9.571538e-02	2.649186e-01
2.522117e-01	1.010643e-01	1.467240e-01
1.955414e-03	6.927322e-02	4.287714e-01
2.426814e-01	5.910466e-02	1.982139e-01
3.847102e-02	2.452702e-01	2.162588e-01
1.301764e-01	2.045057e-01	1.653179e-01
1.227065e-01	2.321579e-01	1.451356e-01
4.201721e-02	4.300765e-01	2.790632e-02
4.593817e-01	2.018650e-02	2.043182e-02
3.871064e-01	5.611091e-02	5.678270e-02
1.823294e-02	4.601764e-01	2.159062e-02
1.925259e-02	3.912691e-01	8.947833e-02
2.405356e-01	1.283948e-01	1.310696e-01
5.564687e-03	2.451104e-02	4.699243e-01
1.622715e-01	1.903030e-01	1.474258e-01
1.173897e-01	1.084741e-02	3.717629e-01
1.183179e-02	1.499942e-01	3.381740e-01
4.621669e-01	3.126891e-02	6.564221e-03
5.894917e-02	3.759139e-01	6.513690e-02
2.463065e-02	1.396933e-02	4.614000e-01
1.478589e-01	8.377295e-02	2.683682e-01
3.045476e-01	1.714141e-02	1.783110e-01
2.799521e-01	8.175248e-02	1.382955e-01
2.372875e-01	6.449855e-02	1.982139e-01
1.346147e-01	2.879317e-01	7.745353e-02
2.940186e-01	6.274936e-02	1.432321e-01
1.573118e-01	2.739531e-01	6.873501e-02
2.820529e-02	1.361169e-01	3.356778e-01
1.273899e-01	9.290669e-02	2.797034e-01
9.661612e-03	4.639727e-01	2.636565e-02
2.152190e-01	2.723187e-01	1.246237e-02
2.018803e-02	5.699098e-03	4.741129e-01
2.547373e-02	8.485331e-04	4.736777e-01
1.526041e-01	3.008830e-01	4.651284e-02
4.128874e-01	3.970016e-02	4.741244e-02
3.486639e-01	1.473193e-01	4.016858e-03
6.543195e-02	3.740898e-01	6.047824e-02
1.554834e-02	6.696246e-02	4.174892e-01
9.067916e-04	4.750546e-02	4.515878e-01
2.265888e-01	2.348835e-01	3.852771e-02
2.607725e-01	2.278058e-01	1.142167e-02
3.728558e-01	8.180397e-02	4.534025e-02
1.427635e-01	2.100224e-02	3.362342e-01
2.085943e-01	9.247975e-02	1.989259e-01
1.089798e-01	3.557858e-01	3.523435e-02
7.147109e-02	3.641511e-01	6.437785e-02
1.435198e-02	3.806398e-01	1.050082e-01
2.320575e-01	8.733281e-02	1.806097e-01
2.277059e-01	1.466271e-02	2.576313e-01
1.569847e-01	2.757780e-01	6.723732e-02
4.056133e-02	9.835604e-02	3.610826e-01
5.517766e-02	1.845708e-01	2.602516e-01
4.344320e-02	1.002282e-01	3.563286e-01
2.108415e-01	2.787977e-01	1.036097e-02
3.018468e-02	4.447941e-01	2.502126e-02
2.499273e-02	4.052245e-01	6.978285e-02
1.372030e-01	3.394193e-01	2.337769e-02
6.789878e-02	8.381976e-02	3.482816e-01
3.396907e-01	3.095723e-02	1.293520e-01
4.136095e-01	7.407864e-02	1.231189e-02
2.714641e-01	1.249372e-01	1.035987e-01
8.293005e-02	1.880261e-01	2.290438e-01
2.439902e-01	5.853445e-02	1.974754e-01
2.308732e-01	1.741533e-02	2.517115e-01
6.453581e-02	1.931894e-01	2.422748e-01
1.509767e-01	3.382011e-01	1.082226e-02
4.063754e-01	3.267024e-02	6.095437e-02
5.610972e-02	3.122676e-01	1.316226e-01
3.850585e-03	1.147171e-02	4.846779e-01
7.752931e-03	4.001349e-01	9.211214e-02
9.971686e-02	8.166048e-02	3.186227e-01
9.159882e-02	4.071411e-01	1.260093e-03
6.662810e-03	9.888244e-02	3.944548e-01
6.815043e-02	3.066776e-01	1.251719e-01
2.092743e-01	8.098048e-02	2.097452e-01
3.577137e-01	7.207076e-02	7.021558e-02
7.814446e-02	1.922657e-01	2.295898e-01
2.637615e-01	1.217795e-01	1.144591e-01
2.546450e-01	1.204621e-01	1.248929e-01
4.075284e-02	1.719814e-02	4.420490e-01
2.742242e-02	4.572641e-01	1.531347e-02
2.177775e-01	7.222571e-02	2.099968e-01
6.050954e-03	2.677628e-03	4.912714e-01
1.168413e-02	8.562073e-02	4.026951e-01
7.547178e-02	1.984938e-01	2.260345e-01
2.228868e-01	1.465510e-01	1.305622e-01
3.605177e-01	1.331569e-01	6.325408e-03
4.812793e-01	1.165298e-05	1.870903e-02
2.860721e-01	2.770149e-02	1.862290e-01
1.307848e-01	8.967946e-02	2.795358e-01
2.661126e-01	3.356248e-03	2.305312e-01
2.310685e-01	1.979553e-01	7.097625e-02
3.306599e-01	1.069092e-01	6.243092e-02
4.648543e-01	8.314574e-03	2.683114e-02
2.099559e-02	4.137496e-01	6.525476e-02
3.667066e-02	9.620845e-02	3.671209e-01
2.634224e-01	1.164655e-01	1.201121e-01
4.327195e-04	1.515225e-02	4.844150e-01
1.565323e-02	2.450786e-01	2.392682e-01
3.425723e-01	1.450563e-01	1.237140e-02
2.799073e-01	6.198751e-03	2.138939e-01
1.290543e-02	1.048363e-01	3.823022e-01
1.072691e-01	5.557665e-03	3.871732e-01
3.709444e-02	3.901672e-01	7.273840e-02
2.038911e-01	9.056636e-02	2.055426e-01
8.500051e-02	2.811468e-01	1.338527e-01
1.005909e-01	1.291629e-01	2.702463e-01
8.999634e-02	2.145114e-01	1.954922e-01
4.016293e-02	9.881639e-02	3.610207e-01
2.191597e-01	2.265439e-01	5.429642e-02
1.670474e-01	9.979426e-02	2.331584e-01
1.476270e-01	3.306976e-01	2.167535e-02
8.681175e-02	4.016564e-01	1.153327e-02
1.191380e-01	1.808763e-01	1.999858e-01
1.701364e-01	7.791454e-02	2.519490e-01
2.060166e-01	2.515439e-01	4.243946e-02
8.151745e-02	1.939845e-01	2.244981e-01
3.467797e-01	9.220977e-02	6.101050e-02
1.226342e-02	3.935581e-01	9.417846e-02
5.458683e-02	1.076265e-01	3.377867e-01
2.639382e-01	1.679712e-01	6.809063e-02
1.286156e-01	3.327939e-01	3.859048e-02
3.007841e-02	3.127069e-01	1.572147e-01
4.386767e-03	3.572948e-01	1.383185e-01
7.669376e-02	3.914519e-01	3.185432e-02
1.281844e-01	2.071944e-01	1.646212e-01
1.447362e-01	1.186167e-02	3.434022e-01
2.062536e-01	6.546678e-02	2.282796e-01
1.233865e-01	2.476275e-01	1.289861e-01
1.577042e-01	1.622525e-01	1.800432e-01
3.957531e-01	6.247788e-02	4.176901e-02
4.769950e-01	1.083804e-02	1.216699e-02
1.506520e-01	2.223945e-01	1.269535e-01
3.050734e-01	1.356286e-01	5.929793e-02
1.391696e-01	3.443925e-01	1.643791e-02
6.640025e-02	1.512247e-01	2.823751e-01
1.303562e-01	6.084261e-02	3.088012e-01
3.999393e-01	1.709377e-02	8.410622e-02
6.491086e-02	1.963452e-01	2.387440e-01
3.608440e-01	3.242637e-02	1.067297e-01
1.724528e-01	2.105014e-01	1.170459e-01
2.059494e-02	4.183406e-01	6.106443e-02
5.139635e-02	3.964558e-01	5.214784e-02
2.731000e-02	3.956320e-01	7.705798e-02
1.847193e-01	7.138409e-03	3.081515e-01
3.264546e-02	5.007797e-04	4.668538e-01
1.849153e-01	2.429147e-01	7.217001e-02
5.878580e-02	2.848323e-01	1.563819e-01
1.290543e-02	1.048363e-01	3.823022e-01
2.410843e-02	1.610940e-01	3.148007e-01
3.131923e-01	1.184925e-01	6.831524e-02
4.384172e-01	8.695795e-03	5.288706e-02
4.915948e-03	2.722872e-01	2.227968e-01
7.555851e-02	5.399658e-02	3.704449e-01
1.459958e-01	3.348232e-01	1.918094e-02
3.214957e-01	1.245571e-02	1.660486e-01
5.605897e-02	9.770205e-02	3.462390e-01
4.240371e-01	7.358742e-02	2.375453e-03
4.804140e-01	4.080456e-03	1.550559e-02
4.667433e-01	1.588673e-02	1.736998e-02
6.775397e-02	1.622867e-01	2.699594e-01
1.843867e-02	4.620225e-01	1.953881e-02
7.966069e-02	2.664752e-01	1.538641e-01
3.935912e-01	1.553740e-02	9.087142e-02
3.817791e-01	4.808858e-02	7.013232e-02
1.644488e-01	2.117886e-01	1.237626e-01
1.690197e-02	4.642034e-01	1.889466e-02
7.440769e-03	1.053905e-01	3.871688e-01
4.804618e-02	3.872819e-01	6.467190e-02
7.626450e-03	2.936484e-01	1.987252e-01
3.650143e-01	1.512007e-02	1.198669e-01
6.218506e-02	3.154972e-01	1.223178e-01
1.179684e-01	3.312434e-01	5.078818e-02
1.211725e-01	2.631642e-01	1.156633e-01
3.149085e-01	2.055713e-02	1.645343e-01
2.756137e-01	9.548794e-02	1.288984e-01
1.872041e-01	2.410945e-01	7.170143e-02
3.081374e-01	1.071552e-01	8.470739e-02
1.442837e-01	2.340600e-01	1.240887e-01
2.786795e-01	1.238907e-01	9.742975e-02
2.686278e-02	4.307582e-01	4.237901e-02
7.775345e-02	1.608054e-01	2.614411e-01
2.440297e-01	1.804813e-01	7.548906e-02
1.921765e-01	2.466175e-01	6.120598e-02
1.625302e-02	2.401867e-01	2.435603e-01
4.004479e-01	1.711550e-02	8.358613e-02
1.533515e-02	4.067151e-01	7.794978e-02
3.459957e-01	6.160262e-02	9.240172e-02
4.248900e-01	6.697541e-02	8.134636e-03
6.199381e-02	3.738938e-01	6.411235e-02
3.424066e-02	3.020442e-01	1.637151e-01
1.978781e-01	6.979086e-02	2.323310e-01
2.437446e-02	2.052803e-01	2.703452e-01
4.603004e-05	1.491307e-01	3.508233e-01
5.285495e-02	7.370538e-02	3.734397e-01
3.953443e-01	1.412730e-02	9.052840e-02
6.360336e-02	1.497505e-01	2.866462e-01
2.610563e-01	1.676817e-01	7.126192e-02
4.597577e-01	1.591257e-02	2.432969e-02
2.689431e-02	1.537389e-01	3.193668e-01
3.794688e-01	2.151433e-02	9.901689e-02
2.094527e-01	2.650319e-01	2.551540e-02
4.764450e-01	1.655611e-02	6.998963e-03
3.577854e-02	8.839317e-02	3.758283e-01
1.133365e-01	2.879375e-01	9.872595e-02
9.145007e-02	1.245356e-01	2.840143e-01
6.968179e-03	1.231549e-01	3.698769e-01
8.031046e-02	3.851782e-01	3.451136e-02
3.029753e-02	1.136430e-02	4.583382e-01
1.490064e-01	3.412702e-01	9.723384e-03
1.153663e-01	3.601848e-01	2.444893e-02
2.614488e-01	1.865042e-01	5.204700e-02
1.891727e-01	9.414444e-02	2.166829e-01
1.383817e-01	3.184592e-01	4.315917e-02
1.424789e-02	3.590679e-01	1.266842e-01
2.747534e-02	1.574118e-01	3.151129e-01
1.465803e-02	2.519618e-01	2.333802e-01
1.996130e-01	9.519271e-02	2.051943e-01
7.166429e-02	7.312700e-02	3.552087e-01
3.972391e-01	6.271247e-02	4.004841e-02
3.883391e-02	3.694052e-01	9.176089e-02
4.110356e-01	7.453524e-02	1.444532e-02
1.376401e-03	4.876088e-02	4.498627e-01
6.809437e-02	2.506633e-01	1.812423e-01
8.840161e-02	2.957147e-01	1.158837e-01
2.012660e-01	3.381739e-02	2.649186e-01
2.308785e-01	3.237427e-02	2.367472e-01
3.414155e-02	4.432603e-01	2.259814e-02
1.391643e-02	4.475680e-01	3.851558e-02
9.989806e-03	3.989223e-01	9.108790e-02
2.289993e-01	1.027587e-01	1.682420e-01
2.315540e-02	6.985701e-02	4.069876e-01
1.863619e-02	4.007256e-01	8.063836e-02
5.122781e-02	4.681310e-02	4.019591e-01
2.569148e-03	1.918866e-02	4.782422e-01
6.415558e-04	4.028963e-02	4.590688e-01
2.314693e-01	1.807792e-01	8.775153e-02
7.727244e-02	8.079683e-02	3.419307e-01
4.742824e-01	2.457459e-02	1.142989e-03
9.652510e-03	1.451153e-01	3.452322e-01
5.022293e-02	2.570033e-01	1.927738e-01
2.598079e-01	9.242540e-02	1.477667e-01
1.203378e-03	4.211514e-02	4.576347e-01
1.683457e-01	1.005699e-01	2.310843e-01
2.579863e-02	5.417970e-02	4.200217e-01
1.019019e-01	1.906744e-01	2.074236e-01
2.816990e-02	7.003569e-02	4.017944e-01
3.940622e-01	9.355306e-03	9.658246e-02
3.766927e-01	6.908113e-02	5.422616e-02
1.243556e-01	2.352779e-01	1.403665e-01
1.367345e-02	4.812539e-02	4.382012e-01
2.829605e-01	4.081953e-02	1.762200e-01
1.400601e-02	7.977023e-02	4.062238e-01
2.757907e-01	1.518471e-01	7.236222e-02
1.863232e-01	2.933149e-01	2.036191e-02
3.947267e-01	3.499359e-02	7.027971e-02
3.137794e-02	1.660275e-01	3.025945e-01
2.323385e-02	3.323881e-01	1.443781e-01
2.337050e-01	1.276846e-02	2.535265e-01
2.468550e-01	1.377425e-01	1.154025e-01
1.765026e-01	4.127511e-02	2.822223e-01
1.697579e-01	3.087886e-01	2.145351e-02
2.341257e-01	1.006944e-01	1.651800e-01
4.576970e-01	2.371351e-02	1.858948e-02
2.996095e-02	1.063198e-01	3.637192e-01
6.165338e-02	2.790907e-02	4.104375e-01
1.069509e-03	1.033287e-01	3.956018e-01
2.125214e-04	3.537926e-01	1.459949e-01
4.663944e-01	2.568022e-02	7.925334e-03
1.711525e-01	6.864104e-02	2.602064e-01
1.653011e-01	3.160136e-02	3.030975e-01
2.142908e-01	1.337954e-02	2.723299e-01
8.732360e-02	4.283799e-03	4.083926e-01
1.786509e-01	2.159194e-01	1.054298e-01
2.962850e-01	1.361593e-01	6.755568e-02
1.512748e-01	3.309351e-01	1.779009e-02
3.819408e-01	2.821842e-02	8.984080e-02
1.909153e-01	2.480278e-01	6.105689e-02
4.563413e-01	3.327713e-02	1.038161e-02
1.896350e-03	4.674670e-01	3.063661e-02
3.972038e-01	1.592178e-02	8.687443e-02
2.002924e-02	2.287711e-01	2.511996e-01
2.870403e-01	4.340484e-02	1.695549e-01
3.148974e-01	2.055641e-02	1.645462e-01
2.820224e-01	1.299735e-01	8.800406e-02
3.191878e-02	1.923027e-01	2.757785e-01
1.119413e-01	1.982050e-01	1.898537e-01
3.273915e-02	2.612293e-01	2.060316e-01
4.624835e-01	3.318841e-02	4.328100e-03
3.011679e-02	1.392357e-01	3.306475e-01
4.294715e-01	4.912859e-02	2.139995e-02
3.758533e-01	6.999455e-02	5.415216e-02
3.102192e-02	2.254178e-01	2.435603e-01
1.785265e-01	1.498503e-01	1.716232e-01
2.065024e-01	2.467433e-01	4.675430e-02
4.310768e-01	5.327747e-02	1.564570e-02
3.332110e-02	3.279533e-01	1.387256e-01
3.267010e-01	2.382355e-02	1.494755e-01
1.340476e-01	2.330118e-01	1.329406e-01
1.203378e-03	4.211514e-02	4.576347e-01
2.493025e-01	2.840434e-03	2.478571e-01
1.273028e-02	4.667527e-01	2.051704e-02
2.736853e-01	7.844776e-03	2.184699e-01
1.350001e-01	1.717730e-01	1.932270e-01
2.187049e-01	2.496209e-01	3.203917e-02
2.920621e-02	4.653785e-01	5.415329e-03
1.457410e-02	2.538979e-01	2.315280e-01
6.628344e-02	2.477102e-01	1.860064e-01
4.646463e-02	1.036466e-01	3.498887e-01
2.200366e-01	1.264913e-02	2.673143e-01
9.383080e-02	1.157004e-01	2.904689e-01
1.446675e-02	1.415142e-01	3.440190e-01
4.576621e-01	1.847536e-03	4.049036e-02
4.681862e-02	4.133680e-01	3.981336e-02
1.003517e-01	1.297869e-01	2.698614e-01
1.022725e-01	2.071273e-01	1.906001e-01
2.365386e-03	4.129000e-02	4.563447e-01
3.177425e-01	3.867165e-02	1.435859e-01
3.345074e-02	4.568773e-01	9.672002e-03
2.399100e-02	1.603094e-01	3.157027e-01
1.160210e-02	8.748301e-02	4.009149e-01
7.488387e-03	3.519473e-01	1.405644e-01
2.187838e-02	2.168681e-01	2.612535e-01
1.628100e-01	2.076249e-01	1.295651e-01
2.020058e-01	1.528317e-01	1.451625e-01
2.556150e-01	1.112668e-01	1.331182e-01
9.089770e-02	1.104018e-01	2.987005e-01
2.637847e-01	1.886794e-01	4.753590e-02
8.000690e-02	7.665935e-02	3.433338e-01
3.318515e-03	6.803883e-02	4.286427e-01
8.630405e-02	4.131840e-01	5.119248e-04
7.974280e-02	1.971973e-01	2.230599e-01
6.185151e-02	4.468240e-02	3.934661e-01
3.902246e-01	7.723014e-03	1.020524e-01
6.540379e-03	4.435924e-01	4.986725e-02
2.276059e-02	2.593688e-01	2.178706e-01
1.716174e-01	7.859276e-02	2.497898e-01
3.018326e-01	6.014243e-02	1.380250e-01
1.455672e-01	3.314794e-01	2.295347e-02
1.046059e-01	2.760605e-01	1.193336e-01
3.434839e-02	7.660557e-02	3.890460e-01
6.296909e-02	1.599581e-01	2.770729e-01
6.506411e-03	5.741482e-02	4.360788e-01
2.806213e-02	1.601469e-01	3.117910e-01
1.960527e-01	1.570668e-01	1.468805e-01
4.501544e-01	2.164511e-02	2.820068e-02
6.265323e-02	2.976264e-01	1.397203e-01
4.554179e-01	2.270281e-02	2.187934e-02
2.015620e-01	1.823477e-01	1.160904e-01
2.461306e-01	1.000346e-01	1.581173e-01
9.068442e-02	6.811910e-02	3.411965e-01
4.334067e-01	6.028076e-02	6.312528e-03
2.734543e-02	3.553222e-01	1.173324e-01
5.117228e-02	4.104997e-01	3.832799e-02
7.806221e-02	1.961772e-01	2.257606e-01
4.690703e-02	3.985846e-01	5.450834e-02
3.142442e-02	1.068705e-01	3.617051e-01
1.570905e-01	2.858865e-01	5.702304e-02
3.233064e-01	1.586035e-01	1.809006e-02
1.570905e-01	2.858865e-01	5.702304e-02
6.251690e-02	4.288509e-01	8.632149e-03
4.346769e-03	3.424731e-02	4.614059e-01
1.300912e-02	9.138909e-02	3.956018e-01
1.348595e-02	3.071505e-02	4.557990e-01
3.163443e-01	5.600884e-02	1.276469e-01
7.823839e-02	1.054529e-01	3.163087e-01
3.518489e-01	7.032782e-03	1.411184e-01
4.613612e-01	2.606823e-02	1.257052e-02
1.546916e-01	9.123704e-02	2.540713e-01
2.222784e-01	7.105117e-02	2.066704e-01
1.033918e-01	2.771575e-01	1.194506e-01
4.236774e-02	2.710917e-01	1.865405e-01
4.194251e-01	7.849013e-02	2.084809e-03
4.187952e-01	2.737451e-02	5.383025e-02
8.048877e-02	2.203451e-01	1.991661e-01
7.281779e-03	4.783195e-01	1.439873e-02
6.746991e-02	2.492715e-01	1.832585e-01
6.347075e-02	1.990098e-01	2.375195e-01
4.120038e-01	6.894588e-02	1.905033e-02
3.785123e-01	1.081420e-01	1.334564e-02
7.155333e-03	4.784459e-01	1.439873e-02
2.086178e-01	8.189292e-02	2.094892e-01
3.799067e-02	4.591370e-01	2.872369e-03
1.779751e-01	4.859307e-02	2.734319e-01
2.221480e-01	1.080425e-01	1.698095e-01
1.716556e-01	3.863546e-02	2.897090e-01
1.311068e-01	1.736432e-01	1.952499e-01
4.440643e-01	1.268509e-02	4.325058e-02
1.302520e-01	8.668159e-02	2.830664e-01
3.843462e-01	9.028780e-02	2.536604e-02
3.800691e-02	3.507952e-01	1.111979e-01
6.770243e-02	1.523190e-01	2.799785e-01
1.414968e-01	1.342935e-01	2.242097e-01
7.232184e-02	5.207570e-02	3.756025e-01
1.383544e-01	3.357914e-01	2.585412e-02
1.279044e-01	1.730227e-01	1.990729e-01
1.892923e-02	3.747333e-01	1.063376e-01
4.310690e-01	6.381268e-02	5.118282e-03
3.772293e-03	1.942992e-01	3.019285e-01
2.805761e-02	1.319457e-01	3.399967e-01
1.753868e-01	4.287665e-02	2.817366e-01
7.573167e-02	1.703835e-01	2.538849e-01
1.507354e-02	2.756873e-01	2.092392e-01
1.316074e-01	1.880741e-01	1.803186e-01
1.253419e-01	1.082434e-01	2.664147e-01
3.173405e-02	3.259491e-01	1.423168e-01
4.255418e-02	1.851824e-01	2.722634e-01
2.196540e-01	1.262714e-02	2.677189e-01
1.668658e-01	3.278078e-01	5.326413e-03
8.827144e-02	3.923514e-01	1.937715e-02
1.729682e-01	2.280149e-01	9.901689e-02
3.735395e-01	1.159816e-01	1.047887e-02
2.336907e-01	1.711589e-02	2.491935e-01
4.427072e-02	2.632459e-03	4.530968e-01
4.280729e-01	1.628636e-02	5.564072e-02
2.957999e-01	6.417337e-02	1.400268e-01
3.356786e-01	1.254926e-02	1.517721e-01
5.195986e-02	2.001311e-01	2.483740e-01
3.631101e-01	3.549168e-02	1.013982e-01
3.910580e-02	4.100680e-01	5.082622e-02
5.435112e-02	2.608203e-01	1.848286e-01
3.290057e-02	3.753762e-01	9.172325e-02
2.932822e-02	7.720569e-02	3.934661e-01
8.717150e-02	3.588916e-01	5.393694e-02
1.933388e-01	2.464681e-01	6.019310e-02
2.856184e-01	4.815257e-02	1.662290e-01
3.488296e-01	1.958059e-03	1.492124e-01
4.008831e-01	5.539612e-02	4.372166e-02
1.772997e-01	2.719025e-01	5.079780e-02
1.040119e-01	2.162446e-01	1.797435e-01
1.144610e-02	3.724635e-01	1.160904e-01
4.347217e-01	2.235918e-02	4.291917e-02
3.062045e-01	1.332879e-01	6.050763e-02
2.401684e-01	2.046221e-01	5.520950e-02
2.956996e-01	1.085221e-01	9.577830e-02
2.334841e-01	8.577605e-02	1.807398e-01
1.111599e-01	2.898271e-01	9.901300e-02
1.486134e-01	4.614353e-02	3.052430e-01
2.450724e-01	2.351307e-02	2.314147e-01
4.423300e-01	4.654654e-02	1.112344e-02
1.095538e-01	2.634629e-01	1.269834e-01
2.767853e-01	1.987815e-01	2.443317e-02
3.765750e-01	1.195635e-01	3.861525e-03
2.879104e-01	6.379804e-02	1.482918e-01
3.611116e-02	4.541379e-01	9.750929e-03
7.083544e-02	7.381799e-02	3.553466e-01
6.112609e-02	2.312782e-01	2.075957e-01
1.775408e-02	3.559264e-01	1.263195e-01
3.489930e-01	9.892453e-02	5.208248e-02
4.750575e-01	1.208805e-02	1.285448e-02
4.793561e-01	1.062009e-02	1.002386e-02
2.530302e-02	4.516333e-01	2.306372e-02
2.419148e-01	2.276419e-01	3.044335e-02
1.481424e-02	2.111314e-01	2.740544e-01
4.501544e-01	2.164511e-02	2.820068e-02
8.116040e-03	4.655183e-01	2.636565e-02
6.365817e-02	2.055342e-01	2.308077e-01
3.238076e-01	7.461439e-02	1.015780e-01
2.147809e-02	2.606513e-01	2.178706e-01
2.451515e-02	2.822305e-01	1.932544e-01
3.851580e-03	3.943957e-01	1.017530e-01
1.112912e-01	8.423934e-02	3.044694e-01
2.664902e-01	4.694458e-02	1.865652e-01
1.494656e-01	1.837359e-01	1.667985e-01
9.348925e-02	1.571068e-01	2.494042e-01
2.378170e-02	4.665463e-01	9.672002e-03
2.665039e-02	2.156659e-01	2.576837e-01
1.560105e-01	2.447184e-01	9.927115e-02
2.222721e-02	5.952818e-03	4.718200e-01
1.258455e-01	1.652607e-01	2.088941e-01
4.128874e-01	3.970016e-02	4.741244e-02
2.688844e-01	7.972154e-02	1.513940e-01
2.136166e-01	4.178647e-02	2.445970e-01
1.643977e-01	2.172193e-01	1.183830e-01
1.567870e-02	7.993289e-02	4.043884e-01
3.164535e-01	1.207368e-01	6.281050e-02
1.103104e-01	2.303311e-01	1.593585e-01
4.391086e-02	3.810918e-01	7.520021e-02
3.086336e-01	1.763444e-01	1.502198e-02
1.103668e-01	3.270442e-01	6.258900e-02
3.652972e-01	1.055377e-01	2.916512e-02
3.014322e-01	1.644240e-01	3.414381e-02
1.875117e-01	2.526751e-01	5.981324e-02
2.135054e-01	1.227367e-02	2.742210e-01
5.444963e-02	2.015794e-01	2.439710e-01
3.080422e-03	4.603872e-02	4.508809e-01
1.211193e-02	3.815505e-01	1.063376e-01
8.679153e-02	3.508288e-01	6.237972e-02
4.402374e-01	4.947904e-02	1.028356e-02
3.738723e-01	2.440627e-02	1.017214e-01
1.802733e-01	1.398471e-01	1.798796e-01
4.104967e-01	6.044018e-02	3.491529e-02
7.377088e-02	4.220041e-01	4.224969e-03
1.526981e-01	6.948361e-02	2.778183e-01
9.431778e-02	2.940195e-01	1.116627e-01
7.694159e-02	2.321233e-01	1.909351e-01
3.650653e-01	1.506906e-02	1.198669e-01
1.383553e-02	2.222070e-01	2.639575e-01
3.812183e-01	1.335957e-02	1.054221e-01
9.686686e-02	2.473397e-01	1.557934e-01
1.725016e-01	7.564758e-03	3.199336e-01
1.909782e-02	4.489439e-01	3.195830e-02
1.979902e-01	9.014871e-02	2.118611e-01
7.917889e-02	3.458129e-02	3.862398e-01
3.117871e-01	6.907828e-03	1.813050e-01
4.287776e-02	4.487659e-01	8.356299e-03
7.853763e-02	2.221764e-01	1.992859e-01
8.326513e-02	4.104667e-01	6.268204e-03
1.917099e-01	6.845600e-03	3.014445e-01
1.149490e-01	3.239729e-01	6.107804e-02
2.093671e-02	4.167806e-01	6.228268e-02
2.513061e-01	1.008420e-01	1.478519e-01
2.995704e-01	1.661540e-02	1.838142e-01
8.545022e-03	1.881303e-02	4.726419e-01
2.754942e-01	6.751940e-02	1.569864e-01
7.709474e-02	1.045540e-01	3.183512e-01
7.832063e-02	1.490923e-01	2.725871e-01
2.196968e-02	1.582684e-02	4.622035e-01
3.598029e-01	1.134256e-01	2.677155e-02
1.239883e-02	4.098920e-01	7.770917e-02
3.840522e-01	1.137757e-01	2.172159e-03
1.701438e-01	1.545384e-01	1.753178e-01
4.893700e-02	4.259221e-01	2.514092e-02
4.093077e-01	3.858986e-02	5.210248e-02
4.474182e-01	4.689651e-02	5.685312e-03
1.752066e-01	2.194584e-01	1.053350e-01
2.632086e-01	1.883541e-01	4.843731e-02
8.546638e-03	5.483152e-02	4.366218e-01
1.068787e-01	1.077306e-01	2.853908e-01
1.620251e-02	4.757485e-01	8.049000e-03
8.862458e-02	1.845244e-01	2.268510e-01
5.568323e-02	2.086262e-01	2.356905e-01
3.623253e-02	4.343581e-01	2.940939e-02
1.850416e-02	4.375705e-01	4.392539e-02
4.008411e-01	7.201569e-03	9.195733e-02
6.018099e-02	4.149431e-01	2.487682e-02
4.837671e-01	9.108194e-03	7.124712e-03
3.743951e-02	4.542042e-01	8.356299e-03
4.745738e-01	2.369736e-02	1.728886e-03
4.761988e-01	1.723706e-02	6.564164e-03
1.966950e-01	8.651153e-02	2.167935e-01
4.078317e-02	3.111996e-01	1.480172e-01
2.854004e-01	1.322317e-01	8.236789e-02
1.533398e-01	1.343080e-01	2.123521e-01
3.033392e-01	6.651868e-02	1.301421e-01
1.775834e-01	2.667391e-01	5.567779e-02
2.236759e-01	1.203835e-01	1.559406e-01
3.492738e-01	3.053131e-02	1.201949e-01
1.252573e-01	1.644883e-01	2.102547e-01
2.218803e-02	2.854545e-02	4.492665e-01
2.444812e-01	1.016932e-01	1.538256e-01
2.710502e-02	2.193450e-01	2.535500e-01
4.376019e-02	2.656158e-01	1.906240e-01
2.030057e-02	1.455052e-01	3.341944e-01
4.426106e-02	4.280838e-02	4.129306e-01
1.995213e-01	2.804601e-01	2.001861e-02
1.987944e-01	9.184142e-02	2.093642e-01
2.108014e-03	1.409537e-01	3.569383e-01
4.891995e-01	2.107871e-03	8.692641e-03
1.186652e-02	6.758491e-02	4.205486e-01
1.732294e-01	2.665775e-01	6.019310e-02
2.207858e-03	1.985501e-02	4.779371e-01
2.877942e-01	6.663178e-03	2.055426e-01
1.359388e-02	4.673697e-01	1.903648e-02
6.470826e-02	4.298254e-01	5.466302e-03
1.398830e-03	1.701526e-01	3.284485e-01
1.692053e-01	3.193445e-01	1.145023e-02
2.857616e-01	1.767201e-01	3.751832e-02
6.425476e-02	2.330818e-01	2.026634e-01
5.924391e-03	4.490370e-02	4.491723e-01
4.827728e-02	3.177872e-01	1.339355e-01
7.925468e-02	1.906310e-01	2.301143e-01
2.623205e-01	3.417457e-02	2.035049e-01
2.056592e-01	2.343523e-02	2.709056e-01
1.903421e-01	7.099499e-02	2.386629e-01
3.958666e-02	3.022374e-01	1.581759e-01
1.479917e-02	3.432643e-01	1.419365e-01
4.251315e-01	6.259497e-02	1.812568e-02
5.637002e-02	6.980805e-04	4.429320e-01
1.133456e-01	8.472583e-02	3.019285e-01
1.711066e-01	1.017112e-01	2.271822e-01
3.708221e-01	6.641530e-02	6.276260e-02
6.992966e-02	2.696451e-02	4.031058e-01
4.051236e-01	4.751830e-02	4.735811e-02
1.216146e-01	3.044331e-01	7.395235e-02
2.587353e-01	1.221655e-01	1.190994e-01
2.365526e-03	4.845874e-01	1.304708e-02
1.363188e-01	5.624945e-02	3.074318e-01
5.534500e-02	2.073308e-01	2.373243e-01
2.422062e-01	1.007469e-01	1.570469e-01
2.734761e-01	4.545569e-02	1.810682e-01
2.959521e-01	6.402110e-02	1.400268e-01
2.603839e-01	1.925232e-01	4.709297e-02
1.563113e-02	3.913692e-02	4.452324e-01
1.897571e-01	1.614604e-01	1.487825e-01
8.693866e-02	1.942737e-01	2.187877e-01
3.216578e-01	1.567048e-01	2.163742e-02
3.138525e-02	1.991776e-01	2.694372e-01
5.957437e-02	2.553829e-01	1.850427e-01
