6.227237e-01	0.000000e+00	7.824418e-01
2.609978e-30	1.615543e-15	1.000000e+00
3.110624e-01	9.503895e-01	0.000000e+00
9.996991e-01	2.246373e-02	9.854257e-03
6.105656e-01	2.771750e-01	7.418784e-01
8.487509e-01	2.794150e-01	4.489423e-01
7.232090e-02	6.286108e-03	9.973617e-01
9.702447e-01	2.079158e-01	1.240813e-01
2.230809e-02	7.804713e-01	6.247935e-01
2.718687e-01	6.781480e-01	6.827904e-01
4.490573e-02	9.106134e-01	4.108123e-01
8.117661e-01	5.321035e-01	2.406275e-01
6.374252e-01	7.323221e-01	2.395693e-01
4.950857e-01	2.573506e-01	8.298559e-01
8.101345e-01	2.825728e-01	5.136484e-01
7.455121e-01	6.545510e-01	1.255971e-01
8.616312e-01	3.084856e-01	4.030239e-01
3.582703e-01	3.977056e-01	8.446731e-01
7.650535e-01	5.989833e-01	2.364577e-01
4.845666e-01	7.072603e-01	5.147602e-01
9.634103e-01	2.313696e-01	1.353096e-01
8.482244e-01	4.933966e-01	1.925494e-01
8.546186e-01	4.951029e-01	1.565289e-01
3.186669e-01	8.418991e-03	9.478294e-01
1.228815e-02	8.532819e-01	5.213050e-01
1.285277e-01	9.889559e-01	7.380295e-02
5.877019e-01	6.397573e-01	4.952950e-01
5.014490e-01	7.319014e-01	4.613775e-01
1.292048e-01	9.604324e-01	2.467302e-01
7.783052e-01	5.677836e-01	2.680723e-01
9.674674e-01	5.180856e-02	2.476343e-01
7.492300e-01	2.864205e-01	5.971748e-01
6.660291e-01	7.432198e-01	6.347824e-02
8.276243e-02	2.081988e-01	9.745787e-01
8.399680e-01	5.023542e-01	2.051823e-01
2.467462e-01	9.674282e-01	5.655943e-02
5.745390e-01	2.355592e-01	7.838475e-01
6.312248e-01	2.522243e-01	7.334427e-01
8.412227e-02	9.963653e-01	1.340367e-02
2.235869e-01	4.023475e-01	8.877643e-01
8.001258e-01	3.293432e-01	5.013301e-01
4.620845e-01	7.089396e-01	5.328063e-01
9.346459e-01	1.815635e-01	3.057315e-01
5.503232e-02	6.735085e-01	7.371280e-01
3.608927e-01	9.064698e-01	2.192463e-01
1.653300e-01	2.767247e-01	9.466200e-01
6.992594e-01	7.519282e-02	7.109024e-01
6.158435e-01	7.213059e-01	3.169458e-01
9.441099e-01	2.105291e-01	2.536414e-01
2.566437e-02	9.494264e-01	3.129389e-01
7.851896e-01	6.083079e-01	1.159268e-01
4.637456e-01	2.059902e-02	8.857289e-01
9.691310e-01	2.347230e-01	7.543381e-02
8.991017e-01	4.307818e-02	4.356150e-01
5.046191e-01	4.791950e-01	7.181446e-01
2.302140e-02	6.817913e-01	7.311844e-01
9.486508e-01	1.366943e-01	2.852655e-01
9.338575e-01	3.564347e-01	2.940260e-02
1.375729e-01	8.759410e-01	4.623863e-01
3.704139e-01	8.612453e-01	3.479225e-01
9.926906e-02	7.562414e-01	6.467184e-01
1.720880e-01	7.416983e-01	6.482818e-01
5.660021e-01	4.781636e-01	6.715663e-01
2.768709e-01	9.522029e-01	1.290431e-01
1.277115e-01	3.507541e-01	9.277184e-01
9.149866e-01	4.033922e-01	8.613572e-03
2.195110e-01	9.685561e-01	1.171067e-01
4.916212e-01	5.974483e-01	6.335331e-01
5.730880e-01	2.837452e-01	7.688035e-01
2.604023e-02	3.322029e-01	9.428511e-01
1.170845e-02	9.938885e-01	1.097657e-01
3.575802e-01	5.575702e-01	7.491674e-01
6.686517e-01	4.558481e-01	5.874586e-01
5.077537e-01	2.899859e-02	8.610141e-01
6.482662e-02	2.850088e-01	9.563302e-01
8.675676e-01	3.341036e-02	4.961958e-01
8.263770e-01	4.154306e-01	3.801559e-01
1.312172e-01	1.736558e-01	9.760255e-01
4.488675e-01	8.723337e-01	1.937882e-01
6.653581e-01	3.401958e-01	6.645039e-01
8.361691e-01	4.261963e-01	3.452217e-01
6.637479e-01	5.749468e-01	4.784088e-01
1.020238e-01	6.641337e-01	7.406197e-01
5.488393e-01	6.839426e-01	4.806225e-01
2.349615e-01	9.371987e-01	2.577822e-01
4.670436e-01	8.435050e-01	2.652727e-01
7.605510e-01	3.482341e-01	5.479919e-01
5.701488e-01	4.047837e-01	7.148990e-01
8.873281e-01	4.122481e-01	2.066406e-01
6.816607e-01	7.300526e-01	4.859905e-02
1.548730e-01	1.699905e-02	9.877881e-01
4.414645e-01	1.403043e-01	8.862414e-01
2.608990e-01	4.342996e-01	8.621575e-01
7.828980e-01	6.593836e-02	6.186460e-01
2.249373e-01	9.608995e-01	1.665979e-01
8.042865e-01	3.711254e-02	5.930817e-01
1.303221e-01	8.459575e-01	5.170802e-01
6.868560e-01	3.912608e-01	6.124902e-01
3.725744e-01	9.258991e-01	6.244432e-02
8.471791e-01	3.344552e-01	4.128284e-01
2.879960e-01	4.737604e-01	8.322316e-01
4.901404e-01	4.756898e-01	7.303983e-01
4.054374e-01	7.138401e-01	5.710104e-01
3.774646e-02	1.578197e-01	9.867462e-01
9.563938e-01	2.473992e-01	1.552565e-01
3.068612e-01	8.427093e-01	4.423541e-01
2.893172e-01	2.044538e-01	9.351439e-01
6.914121e-01	5.176388e-01	5.040236e-01
9.462185e-01	2.132325e-01	2.433154e-01
3.471463e-01	9.125697e-01	2.161157e-01
4.816185e-01	5.900726e-01	6.479644e-01
6.082949e-02	2.670140e-01	9.617709e-01
2.613737e-01	8.223513e-01	5.053931e-01
9.313721e-01	1.995857e-01	3.044857e-01
5.904253e-01	6.999186e-02	8.040516e-01
1.346302e-01	2.261775e-01	9.647375e-01
8.866503e-01	3.580143e-01	2.927063e-01
8.772875e-01	1.168151e-01	4.655330e-01
7.796219e-01	6.259714e-01	1.869352e-02
1.665092e-02	4.067631e-01	9.133819e-01
7.644835e-01	2.681692e-01	5.862169e-01
9.375463e-01	3.373572e-01	8.483770e-02
2.213913e-01	4.218392e-01	8.792255e-01
3.465656e-01	9.228778e-01	1.678953e-01
3.346671e-01	2.648549e-01	9.043506e-01
9.810223e-01	5.488760e-02	1.859642e-01
6.615687e-01	7.278041e-01	1.806326e-01
9.995885e-02	9.381244e-01	3.315581e-01
1.684116e-01	9.730480e-01	1.575282e-01
7.248309e-01	6.725072e-01	1.495135e-01
8.026269e-01	4.705773e-01	3.665339e-01
7.301695e-02	9.809760e-01	1.798741e-01
3.538151e-01	9.309939e-01	8.980688e-02
1.716348e-01	9.844356e-01	3.778979e-02
3.253985e-01	7.973544e-01	5.082733e-01
7.414716e-01	5.548877e-01	3.772576e-01
9.242803e-01	3.415743e-01	1.703908e-01
2.394612e-01	5.593439e-01	7.935948e-01
2.500359e-01	3.241501e-01	9.123644e-01
5.508207e-02	7.687644e-01	6.371556e-01
9.715794e-01	9.766510e-02	2.156270e-01
8.090946e-01	1.536491e-01	5.672371e-01
4.573002e-01	7.914044e-01	4.056546e-01
1.125814e-01	6.447868e-01	7.560299e-01
6.918227e-01	8.132568e-02	7.174730e-01
3.765089e-01	3.448441e-01	8.598393e-01
6.796143e-02	1.938655e-01	9.786713e-01
2.751024e-01	4.532788e-01	8.478543e-01
9.916924e-01	1.286312e-01	3.179820e-04
1.642261e-01	7.954066e-01	5.834022e-01
5.193287e-01	8.526058e-01	5.797525e-02
7.243467e-01	4.098724e-01	5.543703e-01
4.860891e-01	3.072668e-01	8.181103e-01
9.008014e-01	3.834874e-01	2.037015e-01
8.600157e-01	3.825671e-01	3.376617e-01
3.838072e-01	7.035554e-01	5.980818e-01
9.845013e-01	1.647790e-01	6.004290e-02
1.799864e-01	9.776797e-01	1.083848e-01
4.390075e-01	5.125532e-01	7.379442e-01
5.756798e-01	4.526045e-01	6.809860e-01
2.167143e-01	9.054565e-01	3.649431e-01
7.258868e-01	6.795726e-01	1.061574e-01
3.120580e-01	6.460794e-01	6.965638e-01
8.730474e-01	3.274921e-01	3.612993e-01
2.851025e-01	8.237356e-01	4.900777e-01
3.099424e-02	8.464288e-01	5.315991e-01
1.077066e-01	6.254646e-01	7.727829e-01
5.282681e-01	4.187778e-01	7.386190e-01
7.603807e-01	4.058838e-01	5.070301e-01
7.932213e-01	5.377962e-01	2.856137e-01
4.288581e-01	8.706458e-01	2.409494e-01
1.648168e-01	9.863120e-01	4.896345e-03
7.697474e-01	4.611897e-01	4.413537e-01
3.478206e-01	2.752645e-01	8.962424e-01
2.327925e-01	5.785294e-01	7.817361e-01
4.504157e-01	4.827573e-02	8.915128e-01
7.442123e-02	9.905363e-01	1.153232e-01
7.627938e-01	5.824825e-01	2.808199e-01
7.878466e-01	6.158632e-01	3.193194e-03
7.009714e-01	7.096927e-01	7.053593e-02
4.475108e-01	2.089991e-01	8.695133e-01
8.341264e-01	3.844733e-01	3.954914e-01
3.693926e-01	9.051574e-01	2.103310e-01
1.709581e-02	9.787645e-01	2.042736e-01
2.106572e-01	8.021520e-01	5.587269e-01
2.028078e-01	6.974881e-01	6.872985e-01
6.490611e-01	4.594323e-01	6.063346e-01
6.280921e-01	3.594912e-01	6.901205e-01
3.118678e-01	8.894765e-01	3.340210e-01
4.021747e-01	5.710809e-01	7.156271e-01
3.174284e-01	3.034353e-01	8.984458e-01
3.203774e-01	8.882645e-01	3.291572e-01
6.203519e-01	5.007077e-01	6.037014e-01
7.743417e-01	6.303160e-01	5.564787e-02
5.887826e-02	9.755120e-01	2.119191e-01
3.211851e-01	7.469562e-01	5.821483e-01
2.432208e-01	7.365984e-01	6.310835e-01
4.179484e-01	6.873900e-01	5.939816e-01
2.540875e-01	3.026898e-01	9.185959e-01
7.861845e-02	9.869042e-01	1.408516e-01
9.643249e-01	1.922735e-01	1.819571e-01
7.612549e-01	6.369492e-01	1.216003e-01
5.359297e-01	7.944296e-01	2.857637e-01
8.310453e-01	1.606735e-01	5.324919e-01
8.442985e-01	1.352288e-01	5.185299e-01
8.435578e-01	3.725667e-01	3.867871e-01
5.880055e-02	9.742244e-01	2.177828e-01
5.222696e-01	7.047177e-01	4.802160e-01
1.225270e-01	9.364654e-01	3.286637e-01
8.500005e-01	3.466236e-01	3.966753e-01
5.209065e-01	2.209228e-01	8.245299e-01
3.981435e-01	7.937080e-01	4.599014e-01
9.262624e-01	3.738514e-01	4.767737e-02
7.301221e-01	4.857603e-02	6.815879e-01
4.051104e-01	7.673218e-01	4.970944e-01
1.435362e-01	9.630512e-01	2.278810e-01
8.520745e-01	4.922583e-01	1.779069e-01
1.105365e-01	1.570743e-01	9.813814e-01
7.313617e-01	4.147070e-01	5.414132e-01
3.669503e-01	5.461507e-01	7.530384e-01
5.145869e-01	8.566719e-01	3.624157e-02
8.064396e-01	5.205824e-01	2.804445e-01
9.072785e-01	2.739558e-02	4.196370e-01
9.874739e-01	8.318953e-02	1.340701e-01
1.988784e-01	9.094240e-01	3.652334e-01
6.712119e-01	6.061539e-01	4.266755e-01
9.779826e-01	1.884429e-01	8.966221e-02
9.552866e-01	2.581147e-01	1.442367e-01
7.972930e-02	9.954951e-01	5.131092e-02
3.315861e-01	5.998898e-01	7.281366e-01
6.755938e-01	5.144398e-01	5.281332e-01
7.197704e-01	5.937354e-01	3.812014e-01
6.633311e-01	5.720688e-01	4.824200e-01
3.894599e-01	8.970271e-01	2.089578e-01
8.397519e-01	8.059946e-02	5.369549e-01
8.246587e-01	1.114863e-01	5.545348e-01
6.732583e-01	7.255834e-01	1.423093e-01
1.009703e-01	6.994013e-01	7.075612e-01
8.152651e-01	4.385741e-01	3.781477e-01
3.960879e-01	7.697613e-01	5.005816e-01
9.644114e-01	3.115462e-02	2.625642e-01
1.180194e-01	7.625334e-01	6.360929e-01
7.227635e-01	5.912641e-01	3.793748e-01
6.083963e-01	7.924504e-01	4.331687e-02
8.830716e-01	4.424329e-01	1.618212e-01
9.935594e-01	9.943764e-02	5.433143e-02
3.233218e-02	6.662536e-01	7.450240e-01
7.291243e-01	6.007389e-01	3.278573e-01
5.151177e-01	8.449978e-01	1.436402e-01
8.690548e-02	1.103049e-01	9.900910e-01
3.853752e-01	3.449664e-02	9.221149e-01
4.399799e-02	5.836573e-01	8.108072e-01
8.901735e-01	4.980467e-02	4.528915e-01
4.525829e-01	1.862896e-01	8.720464e-01
3.554056e-01	8.545167e-01	3.787982e-01
8.325374e-01	1.788465e-01	5.243047e-01
1.690325e-01	7.681139e-01	6.175995e-01
1.459441e-01	8.627363e-01	4.841348e-01
9.433079e-01	3.309959e-01	2.473870e-02
1.841050e-02	6.524796e-01	7.576080e-01
6.229458e-01	7.632250e-01	1.715405e-01
9.825334e-01	3.775083e-02	1.822193e-01
5.838473e-01	7.204173e-01	3.743277e-01
2.822367e-01	9.539401e-01	1.016894e-01
8.457725e-01	8.682489e-02	5.264316e-01
5.161405e-01	5.670918e-01	6.418769e-01
8.564636e-01	1.989228e-01	4.763400e-01
2.384111e-01	7.844099e-01	5.725917e-01
5.057766e-02	2.426908e-01	9.687843e-01
3.049718e-01	5.311085e-01	7.905162e-01
5.086681e-01	1.848194e-01	8.408915e-01
6.606035e-01	2.633938e-01	7.030126e-01
9.126687e-01	1.679090e-01	3.726157e-01
3.012085e-01	9.481905e-01	1.010353e-01
7.841438e-01	6.099799e-01	1.142064e-01
9.503694e-01	6.125261e-02	3.050347e-01
7.752042e-01	3.941482e-01	4.936656e-01
4.762933e-01	6.847949e-01	5.515439e-01
4.747862e-02	3.766347e-01	9.251443e-01
3.313433e-01	8.866677e-01	3.225400e-01
2.760678e-02	7.817526e-01	6.229813e-01
7.494274e-01	2.704062e-01	6.043501e-01
8.849886e-01	4.603099e-02	4.633318e-01
2.541442e-01	9.641291e-01	7.658801e-02
7.339334e-01	6.319387e-01	2.489885e-01
3.790834e-01	4.408818e-01	8.135840e-01
4.518215e-01	3.102465e-01	8.364236e-01
9.365366e-01	3.488579e-01	3.460251e-02
1.415992e-01	7.155035e-01	6.841084e-01
2.548527e-01	9.668171e-01	1.774309e-02
5.549311e-01	8.195997e-01	1.425054e-01
6.246873e-01	3.280089e-02	7.801858e-01
1.905139e-01	6.713746e-01	7.162126e-01
5.727320e-01	7.857528e-01	2.336035e-01
7.566175e-01	5.151731e-01	4.026494e-01
3.988910e-01	3.704227e-01	8.388522e-01
5.715003e-01	8.205977e-01	2.635738e-03
9.770679e-01	2.038635e-01	6.146593e-02
7.127580e-01	6.890951e-01	1.308587e-01
1.495015e-01	9.013297e-01	4.065258e-01
6.302400e-01	7.734441e-01	6.768964e-02
6.036195e-01	2.511587e-01	7.566788e-01
5.031409e-01	8.419330e-01	1.949362e-01
5.325979e-01	3.618292e-01	7.651268e-01
8.415914e-01	4.253158e-01	3.329119e-01
9.323319e-01	1.792997e-01	3.140203e-01
4.867957e-01	1.597394e-01	8.587860e-01
9.726030e-02	9.802305e-01	1.723039e-01
6.184491e-01	4.777185e-01	6.239440e-01
7.449210e-01	4.393386e-01	5.020701e-01
8.629370e-01	7.450344e-02	4.997890e-01
2.590520e-01	1.061978e-01	9.600073e-01
8.178137e-01	3.476930e-01	4.585742e-01
3.296920e-01	1.075283e-02	9.440273e-01
7.759769e-02	4.349157e-01	8.971215e-01
1.955102e-01	9.171975e-01	3.471663e-01
9.154702e-01	9.440278e-02	3.911553e-01
4.355682e-02	5.956222e-01	8.020829e-01
9.953292e-01	2.681005e-02	9.274156e-02
3.250442e-01	1.510935e-01	9.335508e-01
2.949707e-01	9.292410e-01	2.224939e-01
1.259103e-01	9.758662e-01	1.784148e-01
2.376225e-01	6.762061e-01	6.973397e-01
9.200498e-01	3.610070e-01	1.522573e-01
3.499685e-01	7.066901e-01	6.149074e-01
7.931978e-01	1.846856e-01	5.802831e-01
8.889054e-01	4.478818e-01	9.617205e-02
6.969407e-01	1.960382e-01	6.898135e-01
3.557431e-02	9.149300e-01	4.020417e-01
8.813211e-01	4.039201e-01	2.451973e-01
6.330240e-01	6.005706e-01	4.884625e-01
1.838354e-01	9.796642e-01	8.039056e-02
1.144020e-01	2.170037e-01	9.694440e-01
8.644754e-01	2.925125e-01	4.088016e-01
4.378411e-01	8.510977e-01	2.897283e-01
9.061462e-01	3.558762e-01	2.285851e-01
9.182824e-01	3.243962e-01	2.269904e-01
2.479980e-01	4.871393e-01	8.373723e-01
2.583467e-01	3.028339e-02	9.655775e-01
7.460431e-01	5.841654e-01	3.196413e-01
6.888823e-01	1.976645e-02	7.246037e-01
8.234547e-01	4.272821e-01	3.732993e-01
6.043372e-01	3.526796e-01	7.144184e-01
9.972088e-01	2.640721e-02	6.984591e-02
5.642625e-01	5.412178e-02	8.238196e-01
3.638222e-01	8.578367e-01	3.629734e-01
1.896793e-01	8.100238e-01	5.548722e-01
1.252673e-01	2.376136e-01	9.632486e-01
4.199161e-01	4.918262e-01	7.627434e-01
7.912978e-01	5.081030e-01	3.401162e-01
3.486223e-01	4.110713e-01	8.423081e-01
1.597244e-01	5.419922e-01	8.250652e-01
7.082314e-01	3.015069e-01	6.383587e-01
7.763065e-01	4.833479e-01	4.046270e-01
4.335588e-01	5.500157e-01	7.137993e-01
1.131569e-01	1.524356e-01	9.818141e-01
7.168610e-01	5.273178e-01	4.561208e-01
3.379662e-01	2.407363e-01	9.098488e-01
7.109541e-02	8.876929e-01	4.549141e-01
1.868412e-02	1.318705e-01	9.910909e-01
7.681441e-02	4.133212e-01	9.073396e-01
7.556899e-01	2.238902e-01	6.154721e-01
6.488852e-02	3.986778e-01	9.147926e-01
5.101734e-01	7.269471e-01	4.596431e-01
3.177025e-02	9.082845e-01	4.171450e-01
9.002261e-01	2.227548e-02	4.348565e-01
5.170721e-01	5.232620e-01	6.773724e-01
1.969511e-01	7.059234e-01	6.803546e-01
1.816789e-01	4.330161e-01	8.828872e-01
7.586539e-01	1.069089e-01	6.426623e-01
7.628708e-01	6.012137e-01	2.378451e-01
7.791855e-01	5.369941e-01	3.232759e-01
1.368719e-01	9.063377e-01	3.997725e-01
1.770849e-01	4.682317e-02	9.830812e-01
9.716040e-01	1.656923e-01	1.689134e-01
3.766723e-02	2.966146e-01	9.542541e-01
8.491258e-02	3.970530e-01	9.138593e-01
1.212375e-01	8.848430e-01	4.498381e-01
8.405595e-01	2.895872e-01	4.578198e-01
6.497755e-01	3.191674e-01	6.898724e-01
5.580690e-01	5.694753e-01	6.035369e-01
6.108785e-01	1.556519e-01	7.762731e-01
8.215175e-01	4.181422e-02	5.686480e-01
6.147715e-01	7.147245e-01	3.335039e-01
4.045181e-01	1.624536e-01	8.999855e-01
6.325639e-01	6.810494e-01	3.688287e-01
8.764977e-01	3.926413e-01	2.785401e-01
9.600117e-01	2.336004e-01	1.542996e-01
2.254573e-01	4.215564e-01	8.783275e-01
8.735991e-01	2.591683e-01	4.118936e-01
1.624114e-01	9.203126e-01	3.558769e-01
2.569096e-01	4.081675e-01	8.760119e-01
9.298257e-01	1.854118e-01	3.178784e-01
5.142242e-01	6.273697e-01	5.847912e-01
2.761377e-01	5.256340e-02	9.596797e-01
1.217352e-01	2.816277e-01	9.517701e-01
8.305281e-01	4.965764e-01	2.522597e-01
7.380598e-02	9.970363e-01	2.171140e-02
6.085213e-02	5.796526e-01	8.125884e-01
4.957028e-01	8.058413e-01	3.238895e-01
1.154795e-01	1.617971e-01	9.800440e-01
2.339728e-01	4.587550e-01	8.572051e-01
2.136065e-01	8.374959e-01	5.029642e-01
1.641761e-01	8.997414e-01	4.043763e-01
6.295693e-02	9.847194e-01	1.623701e-01
9.911504e-01	1.033941e-01	8.324968e-02
1.761859e-01	9.444071e-01	2.775855e-01
5.762475e-01	7.747501e-01	2.601943e-01
4.182655e-01	8.986264e-01	1.323802e-01
1.655489e-01	9.644028e-01	2.062057e-01
6.417696e-01	5.927615e-01	4.865856e-01
9.284827e-01	2.365347e-01	2.863061e-01
7.354976e-01	6.439371e-01	2.106855e-01
3.818814e-01	7.421524e-01	5.507980e-01
3.938220e-01	7.263587e-01	5.633003e-01
7.136646e-01	2.022056e-01	6.706681e-01
5.883112e-03	6.067467e-01	7.948735e-01
9.767281e-01	1.343092e-01	1.672222e-01
5.825399e-01	1.106662e-01	8.052330e-01
5.740104e-01	8.088465e-01	1.275925e-01
5.272121e-01	7.953835e-01	2.990191e-01
6.007614e-01	1.141278e-01	7.912399e-01
8.377243e-01	5.452119e-01	3.101754e-02
7.361108e-01	5.251001e-01	4.270957e-01
9.613234e-01	2.533915e-01	1.079350e-01
1.161081e-01	8.932708e-01	4.342650e-01
3.490632e-01	9.329234e-01	8.836800e-02
5.291992e-01	7.384328e-01	4.179384e-01
8.510671e-01	5.022447e-01	1.530851e-01
4.653214e-01	8.988727e-02	8.805659e-01
2.828735e-01	5.757504e-01	7.671337e-01
5.474821e-01	3.616825e-01	7.546185e-01
2.525209e-01	2.238078e-01	9.413518e-01
6.098659e-01	7.710941e-01	1.829689e-01
6.321514e-02	9.552683e-01	2.889054e-01
8.573548e-01	8.346218e-02	5.079142e-01
2.778244e-01	3.185250e-01	9.062866e-01
7.671963e-01	2.298865e-01	5.988012e-01
3.782423e-01	9.185814e-01	1.146337e-01
9.028290e-01	3.843506e-01	1.928066e-01
8.333688e-01	4.456296e-01	3.269723e-01
8.183714e-01	4.826581e-01	3.119445e-01
2.508190e-01	9.214183e-01	2.967797e-01
5.185144e-01	2.030518e-01	8.306099e-01
4.571102e-01	7.921734e-01	4.043763e-01
7.923696e-01	3.642042e-01	4.893933e-01
5.541168e-01	2.454323e-01	7.954355e-01
6.338566e-01	6.824411e-01	3.640054e-01
6.427968e-01	7.518462e-01	1.467640e-01
5.125311e-01	3.787076e-01	7.706442e-01
9.404913e-01	2.467905e-01	2.336035e-01
3.731420e-01	5.909435e-02	9.258908e-01
8.668691e-01	6.458975e-02	4.943340e-01
1.698688e-01	4.529251e-02	9.844253e-01
3.878712e-01	2.440139e-02	9.213905e-01
2.217178e-01	1.567034e-01	9.624371e-01
8.024441e-01	2.623562e-01	5.359597e-01
1.707647e-01	2.724086e-01	9.469070e-01
6.171387e-01	7.334184e-01	2.850213e-01
6.409783e-02	8.003215e-01	5.961350e-01
2.155304e-01	2.734233e-01	9.374360e-01
6.010705e-02	2.008955e-01	9.777669e-01
5.830986e-01	5.245438e-01	6.203627e-01
3.328659e-01	8.550558e-01	3.975927e-01
7.236341e-01	1.204790e-01	6.795870e-01
1.999394e-01	9.142756e-01	3.523129e-01
5.316096e-01	6.628872e-01	5.272303e-01
5.474156e-01	4.396513e-01	7.120694e-01
8.493337e-01	6.847271e-02	5.233964e-01
1.528487e-01	2.053449e-01	9.666803e-01
8.806691e-01	1.837501e-01	4.366439e-01
9.579426e-01	2.243035e-01	1.789802e-01
3.004355e-01	2.123109e-01	9.298724e-01
8.448213e-01	3.460705e-01	4.080592e-01
1.510916e-03	8.832450e-01	4.689093e-01
5.804854e-01	6.563717e-01	4.818847e-01
4.375618e-01	4.419426e-01	7.830877e-01
7.579991e-02	3.556003e-01	9.315594e-01
2.707575e-01	8.408837e-02	9.589680e-01
9.396884e-01	8.175909e-02	3.321163e-01
3.214851e-01	8.425772e-01	4.321007e-01
7.067897e-01	3.673965e-01	6.045396e-01
4.312095e-01	6.468388e-01	6.290135e-01
7.189396e-01	2.976627e-01	6.281105e-01
7.325191e-03	3.287144e-01	9.444026e-01
6.134396e-01	1.592285e-01	7.735232e-01
6.741931e-01	7.109587e-01	2.000036e-01
8.830519e-01	4.603746e-01	9.096463e-02
1.577009e-01	3.856231e-01	9.090794e-01
9.938867e-01	9.868963e-02	4.949345e-02
4.859874e-01	2.933467e-04	8.739658e-01
5.370726e-01	8.050496e-01	2.518892e-01
1.407152e-02	9.988567e-01	4.568651e-02
7.490133e-01	3.174590e-01	5.815487e-01
9.959660e-01	3.493743e-02	8.265056e-02
3.390465e-01	8.290644e-01	4.446345e-01
8.689943e-01	1.410804e-01	4.742838e-01
6.000636e-01	4.037266e-01	6.906001e-01
2.971208e-01	9.281335e-01	2.242484e-01
7.724878e-01	6.346978e-01	2.052502e-02
5.988541e-01	6.384882e-01	4.834321e-01
5.753517e-01	8.175850e-01	2.291689e-02
5.859532e-01	7.178132e-01	3.760361e-01
1.761086e-02	9.182605e-02	9.956193e-01
7.801108e-01	6.233890e-01	5.304060e-02
9.650074e-01	2.587969e-01	4.224864e-02
9.595680e-01	2.441862e-01	1.400082e-01
7.968409e-01	4.439753e-01	4.097933e-01
7.360429e-02	8.152044e-01	5.744773e-01
7.268230e-01	6.574509e-01	1.987124e-01
2.703059e-01	9.619746e-01	3.923873e-02
1.738292e-01	1.698651e-01	9.700151e-01
2.744013e-01	5.767944e-01	7.694233e-01
2.903164e-01	5.623858e-01	7.742342e-01
9.499139e-01	1.301871e-01	2.841037e-01
1.880956e-01	9.590873e-01	2.115930e-01
1.982902e-02	2.307009e-01	9.728232e-01
2.843084e-02	4.575113e-01	8.887492e-01
6.430212e-01	1.491403e-01	7.511863e-01
1.021257e-01	6.647971e-01	7.400103e-01
8.228249e-01	3.410083e-01	4.546126e-01
4.681358e-01	9.618911e-03	8.836042e-01
1.180251e-01	9.417009e-01	3.150706e-01
6.030144e-01	3.801267e-01	7.013396e-01
6.585157e-01	7.195946e-01	2.203194e-01
9.670104e-01	1.860859e-01	1.739626e-01
9.329100e-01	1.379679e-02	3.598453e-01
2.776555e-01	3.663375e-01	8.880902e-01
1.601788e-01	8.607002e-01	4.832577e-01
9.491377e-01	7.045913e-02	3.068765e-01
1.409550e-01	6.509115e-01	7.459530e-01
5.931111e-01	4.816035e-01	6.451955e-01
7.686668e-01	5.475128e-01	3.307280e-01
6.350742e-01	4.614078e-01	6.195027e-01
6.814961e-01	6.292107e-01	3.737071e-01
4.463417e-01	8.673464e-01	2.202031e-01
5.762357e-01	7.402876e-01	3.463044e-01
7.235440e-01	2.586410e-01	6.399914e-01
2.293518e-01	7.294413e-01	6.444480e-01
3.950546e-01	7.395323e-01	5.449989e-01
9.723243e-01	2.164101e-01	8.804579e-02
8.740706e-01	1.792640e-02	4.854681e-01
1.993213e-01	6.281160e-01	7.521578e-01
5.640243e-01	7.610589e-01	3.204153e-01
5.044295e-01	8.335771e-01	2.251671e-01
2.946341e-01	7.169354e-02	9.529170e-01
6.880431e-01	5.517492e-01	4.713486e-01
9.281680e-01	3.152526e-01	1.977878e-01
5.792172e-02	2.601909e-01	9.638183e-01
9.053701e-01	3.390219e-01	2.556739e-01
4.230938e-01	7.245211e-01	5.441147e-01
9.789043e-02	9.452033e-01	3.114613e-01
5.037246e-01	6.584147e-01	5.592420e-01
6.450189e-01	6.241747e-01	4.408589e-01
5.242520e-01	7.527658e-01	3.981249e-01
5.522992e-01	6.887516e-01	4.696667e-01
4.153836e-01	6.481111e-01	6.382856e-01
4.447604e-01	7.781666e-01	4.434467e-01
6.065731e-01	6.355904e-01	4.775918e-01
9.454014e-01	2.918369e-01	1.450771e-01
4.787685e-01	7.426213e-01	4.682887e-01
3.863738e-01	7.101243e-01	5.885905e-01
5.884568e-01	5.719066e-02	8.065034e-01
6.391094e-01	1.016521e-01	7.623687e-01
9.652334e-01	2.222036e-01	1.431333e-01
5.895519e-01	4.635109e-01	6.615030e-01
6.530777e-01	7.406123e-01	1.580598e-01
1.475561e-01	8.830186e-01	4.455394e-01
7.711964e-01	1.633578e-02	6.363877e-01
9.151391e-01	1.013716e-01	3.901848e-01
2.576944e-01	9.650342e-01	4.798498e-02
1.029416e-01	5.809137e-01	8.074294e-01
5.886352e-01	3.888694e-01	7.087237e-01
8.781488e-01	3.109145e-01	3.635751e-01
4.687060e-01	7.587680e-01	4.523116e-01
2.205475e-01	3.862242e-01	8.956504e-01
2.447831e-01	5.287933e-01	8.126862e-01
4.553948e-01	5.333806e-01	7.128259e-01
4.419565e-01	8.655387e-01	2.356206e-01
8.218689e-01	5.059743e-01	2.617730e-01
5.464307e-01	3.001577e-01	7.818688e-01
7.452858e-01	3.926631e-02	6.655879e-01
3.554645e-01	9.037745e-01	2.384044e-01
1.864109e-01	3.075880e-01	9.330813e-01
4.479186e-02	7.396396e-02	9.962545e-01
1.938973e-01	7.143805e-01	6.723572e-01
8.426042e-01	3.317913e-01	4.241847e-01
2.646584e-01	4.746440e-01	8.395895e-01
3.824638e-01	2.049176e-01	9.009607e-01
2.420592e-01	3.874058e-01	8.895640e-01
5.468103e-01	5.386028e-01	6.410192e-01
3.544111e-01	3.854369e-01	8.519573e-01
3.219873e-01	8.515662e-01	4.137140e-01
4.833437e-01	8.753190e-01	1.398183e-02
3.170352e-01	9.225115e-01	2.201393e-01
8.808413e-01	3.905681e-01	2.675354e-01
3.970085e-02	5.266533e-01	8.491526e-01
2.087058e-01	5.090715e-01	8.350378e-01
9.294291e-01	3.617442e-01	7.281979e-02
3.727136e-02	5.213606e-01	8.525221e-01
7.484176e-01	1.316644e-01	6.500274e-01
9.925855e-01	2.122707e-02	1.196804e-01
7.609334e-01	6.376029e-01	1.201787e-01
4.304210e-01	4.312240e-01	7.929588e-01
4.300035e-01	7.300124e-01	5.312051e-01
2.043879e-01	8.583390e-01	4.706164e-01
6.646110e-01	4.803923e-01	5.723253e-01
4.375790e-01	8.965537e-01	6.867361e-02
2.828971e-02	3.967811e-01	9.180982e-01
9.425599e-01	1.911379e-01	2.739472e-01
6.054509e-01	2.726752e-01	7.477149e-01
4.244885e-01	4.710700e-01	7.732416e-01
1.825258e-01	8.976738e-01	4.010811e-01
7.548304e-02	4.235686e-01	9.027136e-01
3.802708e-01	8.713913e-01	3.099537e-01
3.056708e-01	9.473587e-01	9.527224e-02
7.635524e-01	1.980710e-01	6.146183e-01
7.244082e-01	6.881772e-01	4.055784e-02
4.148843e-01	7.491741e-01	5.163421e-01
1.505412e-01	5.036692e-01	8.506789e-01
1.561893e-01	9.703903e-01	1.842488e-01
5.799821e-01	1.810680e-01	7.942513e-01
7.473359e-01	2.152834e-01	6.286033e-01
4.496580e-01	8.759996e-01	1.744543e-01
7.882118e-01	3.258107e-01	5.220819e-01
5.129003e-01	6.288290e-01	5.843864e-01
1.118042e-01	8.944495e-01	4.329664e-01
6.092956e-01	3.627154e-01	7.051216e-01
3.718789e-01	1.494026e-01	9.161795e-01
2.631455e-01	9.006788e-01	3.457341e-01
5.885926e-01	2.748879e-01	7.602601e-01
1.369422e-01	6.345023e-02	9.885448e-01
2.696997e-01	8.793657e-01	3.924003e-01
2.101503e-01	7.582962e-01	6.171092e-01
4.726125e-01	3.012535e-01	8.281810e-01
1.937392e-02	2.254060e-01	9.740723e-01
9.413474e-01	3.213126e-01	1.030691e-01
8.469550e-03	3.160279e-01	9.487121e-01
4.668664e-01	8.543557e-02	8.801912e-01
4.012863e-01	8.389484e-01	3.676071e-01
2.878509e-01	5.001053e-01	8.167230e-01
1.667394e-01	5.443230e-01	8.221378e-01
2.314337e-01	9.350334e-01	2.686095e-01
5.937042e-01	7.966285e-01	1.135708e-01
1.001373e-01	4.431164e-01	8.908537e-01
9.556648e-01	1.822777e-01	2.312566e-01
4.388757e-01	8.568881e-01	2.704272e-01
3.911990e-01	3.069222e-01	8.676187e-01
3.459286e-01	7.291380e-01	5.905008e-01
5.484012e-01	8.351817e-01	4.156523e-02
8.836911e-01	1.896276e-01	4.279387e-01
8.776513e-01	2.204466e-01	4.255954e-01
4.318741e-01	8.340248e-01	3.433475e-01
7.726108e-01	6.343861e-01	2.503587e-02
5.818315e-02	8.118394e-01	5.809746e-01
3.100671e-01	2.001581e-01	9.294058e-01
1.782129e-01	9.823206e-01	5.732664e-02
8.139154e-02	2.998728e-01	9.505008e-01
7.861505e-01	9.509720e-02	6.106749e-01
4.206710e-01	8.718184e-01	2.509356e-01
6.157431e-01	5.895716e-01	5.227483e-01
7.023618e-01	6.578167e-01	2.719652e-01
7.718878e-01	8.463639e-02	6.300999e-01
8.188179e-01	5.651831e-01	1.005249e-01
7.061586e-01	6.007245e-02	7.055007e-01
4.691729e-01	8.091739e-01	3.537152e-01
4.698292e-01	8.186439e-01	3.302768e-01
8.795309e-01	4.372393e-01	1.877423e-01
9.849080e-01	1.217724e-01	1.229950e-01
3.904439e-01	4.895295e-01	7.796886e-01
5.590967e-01	4.986653e-01	6.623776e-01
8.169663e-01	5.763492e-01	1.968779e-02
6.270389e-01	1.488035e-01	7.646436e-01
3.988926e-01	8.407740e-01	3.660380e-01
7.532185e-01	5.256534e-01	3.954117e-01
5.070043e-01	8.207674e-01	2.632251e-01
2.116947e-01	1.343383e-03	9.773349e-01
8.790631e-01	1.832168e-01	4.400904e-01
9.314731e-01	8.936298e-02	3.526643e-01
8.751063e-01	4.637804e-01	1.381918e-01
9.970212e-01	2.801475e-02	7.186606e-02
5.847336e-01	3.266752e-01	7.425429e-01
7.675958e-01	1.027973e-01	6.326369e-01
2.595724e-01	9.656743e-01	9.783076e-03
9.619847e-01	1.774661e-01	2.075843e-01
9.329170e-02	7.014291e-01	7.066073e-01
2.179841e-01	9.091879e-01	3.547679e-01
7.395435e-01	1.918429e-01	6.451912e-01
7.084241e-01	2.608752e-01	6.558044e-01
3.336627e-03	3.139481e-01	9.494343e-01
4.706806e-01	8.822242e-01	1.184091e-02
4.781081e-01	6.445566e-01	5.966234e-01
6.257050e-01	6.666540e-01	4.050502e-01
6.235335e-01	6.111724e-01	4.875184e-01
1.789658e-01	8.395827e-01	5.129055e-01
2.473349e-01	9.638692e-01	9.890164e-02
3.441217e-01	3.733705e-01	8.614957e-01
8.208264e-01	4.412897e-01	3.626394e-01
8.179440e-01	1.092357e-01	5.648319e-01
5.072237e-01	6.798091e-01	5.297015e-01
4.616538e-01	7.284492e-01	5.061991e-01
6.797954e-01	5.611667e-01	4.721972e-01
8.911131e-01	1.419749e-01	4.309995e-01
5.404195e-01	7.614281e-01	3.580141e-01
2.938436e-01	8.279004e-01	4.777415e-01
2.651092e-01	9.566071e-01	1.209129e-01
4.209063e-01	1.310929e-01	8.975815e-01
4.293904e-01	1.308726e-01	8.935862e-01
3.140383e-01	8.230600e-01	4.732358e-01
8.320442e-02	8.368940e-01	5.410041e-01
5.264473e-01	8.362211e-01	1.535821e-01
7.166200e-01	5.539618e-01	4.237713e-01
8.232757e-01	1.909250e-01	5.345697e-01
7.839363e-01	4.617687e-01	4.149862e-01
9.037219e-01	1.660679e-01	3.945987e-01
9.380185e-02	1.482859e-01	9.844859e-01
3.707700e-01	2.940303e-01	8.809517e-01
2.308028e-01	4.304976e-01	8.725834e-01
2.048226e-01	4.763406e-01	8.550715e-01
8.255633e-01	4.283763e-01	3.673405e-01
4.233868e-01	5.407882e-01	7.268369e-01
8.837741e-02	5.643729e-01	8.207756e-01
9.052073e-01	4.219870e-02	4.228700e-01
7.742663e-01	9.282976e-02	6.260146e-01
9.789478e-01	1.508707e-01	1.374746e-01
8.658252e-01	7.388409e-02	4.948615e-01
5.297142e-01	5.740347e-01	6.244093e-01
6.174964e-01	3.699694e-01	6.941332e-01
6.381067e-01	4.891273e-01	5.946212e-01
5.594960e-01	6.854022e-01	4.660344e-01
4.187722e-01	1.271617e-01	8.991439e-01
7.472187e-01	8.764673e-02	6.587733e-01
4.881490e-01	5.072250e-01	7.102347e-01
5.143664e-01	4.856058e-01	7.068339e-01
5.972445e-01	6.475700e-01	4.732358e-01
6.763685e-01	7.273131e-02	7.329637e-01
6.867389e-01	5.507032e-01	4.744636e-01
4.724093e-01	8.473403e-01	2.425777e-01
5.310359e-02	7.167111e-01	6.953454e-01
5.136593e-01	5.632200e-02	8.561437e-01
5.383620e-01	8.073472e-01	2.415717e-01
5.427535e-01	8.260673e-01	1.517616e-01
4.607161e-01	6.527015e-01	6.014328e-01
7.956707e-01	6.049010e-01	3.166912e-02
2.284672e-01	8.295283e-01	5.095936e-01
9.444967e-01	8.875131e-02	3.163056e-01
4.773279e-01	8.035061e-01	3.557189e-01
2.381304e-01	7.834412e-01	5.740329e-01
6.130182e-01	7.607830e-01	2.131147e-01
8.924076e-01	3.870141e-01	2.320101e-01
5.992903e-01	6.822378e-01	4.188111e-01
1.192420e-01	1.665948e-01	9.787888e-01
1.922344e-01	6.464871e-01	7.383091e-01
2.988886e-01	2.371268e-01	9.243573e-01
3.144455e-01	4.550336e-01	8.331077e-01
3.236501e-01	5.173904e-01	7.921854e-01
9.356660e-01	3.114922e-01	1.658368e-01
3.469030e-01	6.499111e-01	6.762203e-01
4.895924e-01	7.338788e-01	4.708727e-01
5.916557e-01	2.521485e-02	8.057964e-01
7.502225e-01	2.658138e-01	6.054001e-01
1.831791e-01	5.004615e-01	8.461582e-01
9.448503e-01	1.770820e-01	2.755007e-01
8.887180e-01	1.041265e-01	4.464728e-01
6.247158e-01	2.875332e-01	7.259855e-01
2.023229e-01	9.555816e-01	2.143111e-01
3.184810e-01	8.454594e-01	4.286821e-01
1.448023e-01	2.341902e-01	9.613466e-01
1.966450e-01	9.075190e-01	3.711335e-01
4.874203e-01	2.982787e-01	8.206408e-01
6.394430e-01	2.230360e-01	7.357769e-01
8.639136e-01	3.962832e-01	3.108261e-01
1.306721e-01	7.929661e-01	5.950878e-01
6.768891e-01	6.771516e-02	7.329637e-01
3.508486e-01	2.811057e-01	8.932440e-01
3.228790e-01	6.950203e-01	6.434480e-01
5.331263e-01	6.933529e-02	8.431898e-01
9.082428e-01	1.946293e-01	3.704247e-01
1.363712e-01	6.125947e-01	7.785439e-01
2.943357e-01	9.510726e-01	9.395378e-02
5.909103e-01	4.078791e-02	8.057055e-01
3.943542e-01	8.854460e-01	2.459067e-01
6.664490e-01	7.246940e-01	1.751125e-01
8.741049e-01	1.869329e-02	4.853773e-01
7.334297e-01	6.325232e-01	2.489885e-01
6.468467e-01	7.555567e-01	1.035540e-01
5.424812e-01	8.357379e-01	8.518426e-02
3.246464e-01	9.397702e-01	1.069423e-01
9.543613e-01	6.062937e-02	2.924356e-01
4.926364e-01	8.027099e-01	3.361046e-01
3.948506e-01	7.637495e-01	5.106660e-01
7.118048e-02	4.230995e-01	9.032830e-01
2.898350e-01	8.949629e-01	3.391712e-01
2.408614e-01	7.853375e-01	5.702900e-01
2.574381e-01	9.480050e-01	1.871156e-01
9.949314e-01	5.566581e-02	8.374301e-02
2.662478e-01	9.628836e-01	4.435443e-02
7.440648e-01	1.517364e-01	6.506486e-01
2.674470e-01	8.283784e-01	4.922004e-01
6.473084e-01	5.829001e-01	4.911408e-01
1.528589e-02	1.078861e-01	9.940457e-01
5.808092e-01	2.143169e-01	7.853209e-01
9.476382e-01	3.131340e-01	6.268072e-02
5.717385e-02	5.015713e-01	8.632255e-01
2.238405e-01	8.624852e-01	4.538885e-01
9.524900e-02	3.327244e-01	9.382015e-01
3.273043e-01	1.025012e-03	9.603576e-01
4.932931e-01	3.438336e-01	7.990246e-01
7.899160e-01	6.121009e-01	3.695068e-02
2.679370e-01	5.065529e-01	8.195206e-01
9.942138e-01	1.001723e-01	3.878587e-02
2.055312e-01	5.402955e-01	8.159887e-01
9.586521e-01	2.519743e-01	1.322690e-01
8.409669e-01	2.994953e-01	4.506409e-01
7.582946e-01	3.235651e-01	5.659461e-01
5.350139e-01	7.907097e-01	2.975538e-01
9.575261e-01	6.112551e-02	2.817931e-01
2.684411e-02	4.395766e-02	9.986727e-01
5.008058e-01	8.423314e-01	1.991769e-01
4.418492e-01	5.224769e-01	7.292374e-01
3.530125e-01	8.108344e-01	4.668294e-01
2.156275e-02	7.543949e-01	6.560666e-01
6.072240e-01	7.440568e-01	2.786725e-01
3.829667e-01	3.804654e-01	8.417735e-01
6.919948e-01	6.698401e-01	2.691792e-01
4.758785e-01	5.899637e-01	6.522902e-01
8.449475e-01	3.694042e-01	3.867871e-01
1.449875e-01	4.671911e-01	8.721875e-01
8.741686e-01	1.543356e-02	4.853773e-01
1.385340e-01	3.221805e-01	9.365111e-01
7.168165e-02	9.874907e-01	1.404419e-01
4.711074e-01	6.804801e-01	5.612528e-01
4.341490e-01	8.809568e-01	1.882281e-01
2.529091e-01	8.918334e-01	3.750602e-01
4.935124e-01	4.401698e-01	7.501307e-01
2.940376e-01	9.265931e-01	2.344506e-01
9.439700e-02	3.352530e-01	9.373871e-01
6.854659e-01	4.694706e-01	5.565374e-01
3.882662e-01	9.069159e-01	1.635631e-01
4.512871e-01	7.483450e-01	4.861274e-01
4.543377e-01	1.252278e-01	8.819837e-01
8.420948e-01	4.969498e-01	2.095646e-01
2.126925e-01	9.655294e-01	1.500499e-01
5.786718e-01	8.154149e-01	1.542173e-02
1.036629e-01	6.619850e-01	7.423139e-01
8.694314e-01	4.297341e-01	2.437574e-01
5.180210e-01	5.565724e-01	6.495240e-01
9.820052e-02	2.080121e-03	9.951645e-01
2.036073e-01	9.347374e-01	2.912217e-01
9.511939e-01	3.083783e-01	1.153723e-02
8.632708e-01	1.988877e-01	4.639044e-01
8.581875e-02	5.776272e-02	9.946349e-01
8.128670e-01	1.696688e-01	5.574201e-01
4.136186e-01	7.685460e-01	4.881154e-01
4.363456e-01	1.124541e-01	8.927243e-01
4.907861e-01	8.651979e-01	1.027692e-01
5.442036e-01	4.740861e-01	6.921596e-01
4.219429e-01	4.077449e-01	8.097581e-01
1.464953e-01	5.038204e-01	8.512956e-01
2.967739e-01	9.197847e-01	2.567517e-01
1.766889e-01	7.882914e-01	5.893876e-01
9.699369e-01	1.672721e-01	1.767552e-01
3.215312e-01	6.939437e-01	6.453075e-01
7.220238e-01	4.094121e-01	5.577306e-01
9.097723e-01	7.956619e-02	4.074107e-01
3.540641e-01	1.826986e-01	9.172022e-01
3.998471e-01	7.887919e-01	4.668294e-01
1.201043e-01	8.979631e-01	4.233642e-01
7.071216e-02	8.124367e-01	5.787455e-01
2.497268e-02	1.158355e-02	9.996210e-01
3.367601e-01	5.867806e-01	7.363974e-01
8.967011e-03	9.804645e-01	1.964915e-01
5.681030e-01	6.837017e-02	8.201125e-01
3.872265e-01	9.219527e-01	7.678851e-03
2.416657e-01	7.879349e-01	5.663534e-01
5.448475e-01	7.644324e-01	3.446523e-01
8.282002e-01	4.464423e-01	3.387827e-01
1.247854e-01	9.691019e-01	2.147081e-01
2.532338e-01	9.622396e-01	9.983767e-02
2.017320e-01	2.189555e-01	9.546532e-01
1.981464e-01	3.770351e-01	9.047555e-01
1.391539e-01	8.873353e-01	4.396273e-01
9.334811e-01	7.326102e-02	3.510638e-01
2.025645e-01	6.598722e-01	7.235581e-01
2.804659e-01	5.712018e-01	7.714061e-01
6.285661e-01	7.228402e-01	2.870658e-01
5.533708e-01	3.171288e-01	7.702053e-01
7.285671e-01	6.429007e-01	2.363656e-01
5.814177e-01	5.894960e-01	5.607565e-01
1.864175e-01	2.200482e-01	9.575110e-01
2.882962e-01	7.616615e-03	9.575110e-01
7.281692e-01	6.562390e-01	1.977878e-01
9.194311e-01	1.192751e-01	3.747264e-01
7.227264e-01	6.865795e-01	7.921533e-02
1.270155e-02	9.162184e-01	4.004779e-01
6.219803e-01	7.391722e-01	2.583892e-01
8.938507e-01	4.917516e-02	4.456599e-01
6.625871e-01	8.188564e-02	7.444952e-01
7.749167e-01	5.487495e-01	3.136527e-01
4.254547e-01	6.753259e-01	6.024312e-01
1.667394e-01	5.443230e-01	8.221378e-01
9.749045e-01	2.219996e-01	1.665320e-02
7.380952e-01	8.608601e-02	6.691844e-01
5.332610e-01	8.097197e-01	2.449219e-01
2.931755e-01	3.646721e-01	8.837774e-01
6.839682e-01	6.670930e-01	2.952533e-01
7.326299e-01	6.041741e-01	3.134121e-01
3.159070e-01	1.243943e-01	9.406003e-01
6.190202e-01	1.271923e-01	7.750072e-01
8.920520e-02	6.417809e-01	7.616821e-01
9.187605e-01	3.807675e-01	1.043801e-01
1.487523e-01	5.115826e-01	8.462600e-01
5.660813e-01	3.337601e-01	7.537614e-01
4.396301e-01	7.732048e-01	4.570336e-01
4.095732e-01	5.164814e-01	7.519952e-01
4.483668e-01	8.890823e-01	9.219467e-02
6.729633e-01	3.059400e-01	6.734397e-01
1.079180e-01	7.764090e-01	6.209209e-01
1.732267e-01	5.431013e-01	8.216042e-01
5.195502e-01	1.012176e-02	8.543800e-01
1.935534e-01	7.167686e-01	6.699104e-01
9.472156e-01	2.104220e-01	2.418783e-01
9.764381e-01	2.012901e-01	7.778752e-02
6.092816e-01	5.138480e-03	7.929953e-01
8.254983e-01	1.723053e-01	5.376951e-01
4.660027e-01	4.469738e-01	7.635810e-01
6.906147e-01	4.625388e-01	5.559759e-01
8.031604e-02	9.945162e-01	6.698458e-02
1.960284e-01	4.695872e-02	9.794732e-01
5.258390e-01	4.388109e-01	7.286552e-01
3.030765e-01	3.863960e-01	8.711158e-01
6.955173e-01	7.024807e-01	1.509192e-01
3.263400e-01	2.184107e-01	9.196733e-01
9.858992e-01	1.175830e-01	1.190674e-01
6.696450e-01	3.445320e-01	6.580952e-01
9.534634e-02	3.330644e-01	9.380710e-01
8.970144e-01	5.245953e-02	4.388772e-01
9.209422e-01	3.475611e-01	1.762574e-01
6.656319e-01	5.157264e-01	5.394075e-01
2.280032e-01	5.197538e-01	8.233289e-01
9.032686e-01	4.139789e-01	1.128155e-01
3.220713e-01	9.462885e-01	2.842616e-02
5.572842e-01	7.766398e-02	8.266817e-01
8.653598e-01	4.642930e-01	1.886389e-01
3.560347e-01	9.338119e-01	3.513736e-02
9.122112e-01	3.223875e-01	2.528578e-01
2.809986e-01	9.584484e-01	4.948771e-02
1.287172e-01	6.608308e-01	7.394150e-01
5.304849e-01	8.414051e-01	1.030691e-01
2.321221e-01	9.664239e-01	1.102009e-01
6.612670e-01	3.513208e-01	6.627968e-01
1.991933e-01	9.119895e-01	3.586045e-01
2.484190e-01	6.767454e-01	6.930404e-01
3.764281e-01	2.405939e-01	8.946600e-01
1.593838e-01	1.756581e-01	9.714633e-01
1.788551e-01	6.043748e-01	7.763646e-01
1.525009e-01	3.270805e-01	9.326102e-01
2.969792e-01	3.968194e-01	8.685262e-01
5.610626e-01	1.209810e-01	8.188848e-01
8.224134e-01	1.238542e-01	5.552444e-01
8.023966e-01	5.944468e-01	5.284527e-02
4.960111e-01	8.063423e-01	3.221664e-01
6.293913e-01	4.321561e-01	6.458388e-01
9.290628e-02	6.270017e-02	9.936987e-01
2.871021e-01	9.577616e-01	1.628282e-02
4.078085e-01	5.300373e-01	7.434734e-01
4.774275e-01	7.132682e-01	5.131389e-01
6.244815e-01	7.651064e-01	1.569557e-01
9.868404e-01	1.449747e-02	1.610464e-01
9.542140e-01	2.264459e-01	1.954427e-01
6.570274e-01	3.362764e-01	6.747097e-01
9.385585e-01	3.065486e-01	1.585432e-01
9.837583e-01	9.700855e-02	1.510265e-01
8.231208e-01	5.348913e-01	1.906949e-01
4.864350e-01	4.729944e-01	7.346137e-01
9.105836e-01	3.180503e-01	2.639727e-01
8.106711e-01	5.666775e-01	1.472720e-01
1.177252e-01	9.437262e-01	3.090658e-01
6.288226e-01	4.203776e-03	7.775375e-01
6.261969e-01	6.928239e-01	3.575926e-01
5.538638e-01	8.180235e-01	1.551531e-01
7.042719e-01	2.663389e-01	6.580765e-01
1.471988e-01	2.718701e-01	9.510096e-01
7.771847e-01	6.193594e-01	1.112554e-01
3.915993e-01	1.226377e-01	9.119265e-01
5.212123e-02	4.966228e-01	8.664001e-01
7.420756e-01	2.137681e-01	6.353165e-01
4.174986e-01	7.958700e-01	4.385042e-01
4.940137e-01	8.496152e-02	8.652930e-01
4.899341e-01	5.372056e-02	8.701027e-01
1.357422e-01	7.313776e-03	9.907172e-01
1.195727e-01	9.251329e-01	3.603213e-01
1.614256e-01	5.134054e-01	8.428266e-01
1.062178e-01	9.443038e-01	3.114613e-01
5.397116e-01	6.729900e-01	5.057627e-01
5.059609e-01	6.186614e-01	6.010504e-01
4.736049e-02	5.293586e-01	8.470752e-01
8.021699e-01	2.622666e-01	5.364137e-01
4.088217e-01	5.700632e-01	7.126659e-01
3.558073e-01	9.332155e-01	5.009888e-02
9.066746e-01	3.123650e-01	2.834947e-01
6.067944e-01	7.866571e-01	1.138908e-01
2.962674e-01	3.638884e-01	8.830690e-01
3.291134e-01	6.687886e-01	6.666380e-01
7.157454e-01	6.496760e-01	2.561829e-01
7.543229e-01	5.130395e-01	4.096187e-01
5.750220e-01	8.171164e-01	4.087120e-02
5.843588e-02	3.896718e-01	9.190980e-01
2.322539e-03	3.201476e-01	9.473648e-01
6.910795e-01	4.663926e-01	5.521658e-01
7.737171e-01	1.197688e-01	6.221071e-01
9.709351e-01	1.004901e-01	2.172253e-01
9.496217e-01	6.195399e-02	3.072139e-01
9.376103e-02	9.245218e-01	3.694161e-01
9.522117e-01	2.981084e-01	6.651835e-02
1.133309e-01	8.271368e-01	5.504551e-01
8.301584e-01	5.570060e-01	2.411141e-02
5.295426e-01	5.728229e-01	6.256665e-01
4.605617e-01	5.564842e-01	6.915261e-01
1.335729e-01	9.868119e-01	9.143653e-02
1.176153e-01	3.172240e-02	9.925698e-01
1.764308e-01	9.089810e-01	3.776582e-01
8.591840e-01	2.506014e-01	4.460962e-01
1.753546e-01	1.239352e-01	9.766733e-01
6.415882e-01	3.255723e-01	6.945267e-01
9.386914e-01	3.384114e-01	6.584947e-02
4.343785e-01	4.073450e-01	8.033588e-01
1.548621e-01	9.717555e-01	1.780700e-01
3.275903e-01	6.361177e-01	6.985978e-01
2.110229e-01	8.862027e-01	4.124489e-01
3.867519e-01	8.862428e-01	2.549445e-01
7.034832e-01	6.402687e-01	3.084921e-01
6.737554e-01	7.338664e-01	8.656633e-02
8.932157e-01	4.137746e-01	1.759441e-01
4.347136e-01	6.157111e-01	6.572092e-01
5.981975e-01	1.387440e-01	7.892464e-01
7.185973e-01	6.932793e-01	5.460505e-02
3.059704e-01	8.149361e-01	4.922004e-01
8.056156e-01	5.495978e-01	2.211915e-01
5.899791e-01	4.659278e-01	6.594209e-01
6.203472e-02	3.979577e-03	9.980661e-01
1.769386e-01	7.172819e-01	6.739431e-01
2.697661e-01	8.495465e-01	4.533179e-01
8.206881e-01	5.659602e-01	7.848641e-02
8.457629e-02	3.393774e-01	9.368403e-01
1.590390e-01	6.765428e-01	7.190247e-01
3.133206e-01	8.718380e-01	3.764687e-01
5.890715e-01	3.882081e-01	7.087237e-01
7.170610e-01	2.741227e-01	6.408434e-01
8.140920e-01	1.470233e-01	5.618170e-01
3.132676e-01	9.394484e-01	1.389251e-01
2.158930e-01	4.052384e-01	8.883536e-01
6.859018e-01	7.276681e-01	6.157324e-03
2.846537e-01	4.874511e-01	8.254481e-01
4.977891e-01	5.837205e-01	6.414643e-01
4.423100e-01	5.181353e-01	7.320503e-01
5.309500e-01	3.607096e-01	7.667990e-01
4.452000e-01	7.717412e-02	8.920993e-01
7.270350e-01	6.862450e-01	2.208832e-02
6.458610e-01	5.816142e-01	4.945588e-01
1.751012e-01	5.916898e-01	7.869198e-01
5.604051e-01	1.449441e-01	8.154369e-01
6.964629e-01	7.051281e-01	1.331682e-01
2.170525e-01	8.330641e-01	5.088148e-01
2.839396e-01	3.871032e-01	8.772283e-01
7.525603e-01	3.302980e-01	5.697037e-01
4.570176e-02	7.926643e-01	6.079430e-01
9.095461e-02	5.137314e-01	8.531163e-01
5.123849e-01	7.654869e-01	3.892190e-01
8.736548e-01	2.869372e-03	4.865379e-01
4.234356e-01	4.486076e-01	7.870537e-01
5.835019e-01	8.008881e-01	1.345506e-01
9.010377e-01	4.173981e-01	1.180003e-01
5.347865e-01	3.951521e-01	7.468991e-01
9.354516e-01	3.533175e-01	9.854257e-03
7.201726e-01	5.053688e-01	4.753460e-01
1.650232e-01	9.732410e-01	1.599039e-01
8.779995e-01	3.864370e-01	2.824594e-01
5.717106e-01	1.418076e-01	8.081074e-01
8.354519e-01	4.882471e-01	2.522597e-01
5.965192e-01	5.311464e-02	8.008394e-01
6.453198e-01	4.355325e-01	6.275936e-01
6.948833e-02	9.429372e-01	3.256391e-01
3.987511e-01	1.635159e-01	9.023636e-01
5.553679e-01	5.653004e-01	6.099197e-01
1.568932e-01	7.790278e-01	6.070422e-01
2.556005e-01	3.313642e-01	9.082214e-01
4.456629e-01	4.293687e-01	7.855108e-01
3.446294e-01	4.436305e-01	8.272984e-01
8.735807e-01	4.007176e-01	2.761924e-01
9.648360e-01	2.485624e-01	8.548823e-02
7.918281e-01	5.084435e-01	3.383688e-01
4.128707e-01	8.688167e-01	2.733058e-01
5.348830e-02	9.984388e-01	1.612032e-02
7.715544e-02	9.347724e-02	9.926273e-01
9.606602e-01	2.068895e-01	1.852801e-01
6.805284e-01	4.889622e-01	5.457079e-01
5.116394e-01	2.272640e-02	8.588997e-01
7.217624e-01	6.517868e-01	2.328799e-01
3.523202e-01	5.055588e-02	9.345130e-01
7.443794e-01	6.484913e-01	1.599948e-01
2.347941e-01	6.681571e-01	7.084060e-01
3.103919e-01	7.663223e-01	5.625007e-01
3.482723e-01	9.274227e-01	1.363581e-01
7.322832e-01	5.289698e-01	4.288965e-01
1.109091e-02	9.780071e-01	2.082763e-01
6.179820e-01	3.956767e-01	6.793660e-01
4.016772e-02	7.497903e-01	6.604552e-01
9.289880e-01	7.826134e-02	3.617410e-01
5.801255e-01	8.132624e-01	4.537809e-02
5.293903e-01	8.045424e-01	2.691792e-01
5.387381e-01	6.587335e-01	5.251967e-01
8.335251e-01	1.001962e-01	5.433201e-01
9.235355e-01	3.752032e-01	7.940272e-02
9.419652e-01	1.730955e-01	2.876447e-01
7.737582e-01	5.284470e-01	3.493451e-01
7.525200e-01	3.393131e-02	6.576947e-01
4.158796e-01	4.848010e-01	7.694233e-01
2.634588e-01	9.017513e-01	3.426865e-01
5.292009e-01	8.306111e-01	1.732965e-01
7.845825e-02	2.436669e-01	9.666803e-01
4.134502e-01	7.983010e-01	4.379205e-01
5.319312e-02	2.273105e-01	9.723685e-01
2.076601e-01	6.300316e-01	7.482897e-01
8.030463e-01	1.083820e-01	5.859779e-01
7.057497e-01	4.728151e-01	5.276014e-01
3.507828e-01	7.117937e-01	6.085237e-01
6.859481e-02	6.120464e-01	7.878413e-01
8.141572e-01	7.590315e-02	5.756620e-01
8.205216e-01	4.367932e-01	3.687222e-01
4.069647e-02	3.386927e-01	9.400165e-01
6.298062e-01	4.209668e-01	6.527871e-01
5.858561e-01	3.431276e-01	7.341908e-01
7.259142e-01	4.949289e-01	4.775918e-01
6.981213e-01	3.298122e-01	6.354923e-01
1.755125e-01	8.648369e-01	4.703749e-01
9.879817e-01	4.423160e-02	1.481073e-01
6.469681e-01	3.280537e-01	6.883408e-01
6.401422e-01	6.200046e-01	4.536654e-01
8.010338e-01	2.321031e-01	5.517907e-01
9.815776e-01	1.701610e-01	8.689500e-02
5.561345e-04	3.523629e-01	9.358636e-01
5.010208e-01	4.949776e-01	7.099122e-01
6.894794e-01	5.305233e-01	4.931157e-01
1.048196e-01	8.969975e-01	4.294278e-01
7.660250e-01	1.023019e-01	6.346180e-01
6.480651e-01	2.956121e-01	7.018725e-01
1.826066e-01	7.854066e-02	9.800440e-01
8.959055e-01	4.627247e-02	4.418291e-01
3.488825e-01	9.177741e-01	1.896620e-01
3.624849e-01	9.926852e-02	9.266879e-01
9.679510e-01	1.691996e-01	1.855867e-01
7.015852e-01	4.582368e-01	5.457079e-01
5.906837e-01	1.073975e-01	7.997240e-01
3.653637e-01	9.302113e-01	3.487510e-02
4.890952e-01	5.798434e-01	6.515884e-01
1.234780e-01	9.529205e-01	2.769397e-01
3.589355e-01	2.423727e-01	9.013439e-01
4.741529e-01	7.981614e-01	3.716414e-01
6.343620e-01	6.829853e-01	3.620993e-01
4.168750e-01	6.678222e-01	6.166269e-01
7.165366e-01	6.961593e-01	4.401681e-02
1.539324e-01	6.950283e-02	9.856339e-01
1.360222e-01	7.115387e-01	6.893552e-01
3.311512e-02	9.040379e-01	4.261676e-01
9.090538e-01	2.207700e-01	3.533863e-01
7.707739e-01	4.114315e-01	4.864481e-01
5.235543e-01	6.046432e-01	6.002479e-01
3.449972e-01	1.381940e-01	9.283746e-01
4.715863e-01	6.129050e-01	6.339983e-01
1.523487e-01	4.798122e-01	8.640429e-01
5.942085e-01	5.109372e-01	6.211759e-01
6.950949e-01	6.086937e-01	3.825376e-01
1.978180e-01	9.078525e-01	3.696916e-01
5.968390e-01	4.540892e-01	6.615030e-01
5.239453e-01	3.764567e-01	7.640430e-01
9.227270e-01	1.364620e-02	3.852124e-01
8.346818e-01	1.935702e-01	5.155937e-01
2.425376e-01	1.533129e-01	9.579513e-01
5.094514e-01	8.364437e-01	2.020427e-01
8.178283e-01	5.049969e-01	2.759321e-01
1.839568e-01	8.938037e-01	4.089925e-01
4.275416e-01	8.193561e-01	3.819211e-01
2.919787e-01	9.430443e-01	1.594236e-01
5.493811e-01	8.051588e-01	2.233825e-01
5.198297e-01	8.490349e-01	9.442887e-02
6.517677e-01	7.495217e-01	1.158278e-01
6.889104e-01	6.967073e-01	2.000036e-01
3.396759e-01	2.490070e-01	9.069817e-01
9.467141e-01	2.563825e-02	3.210531e-01
8.478393e-01	4.366205e-01	3.008836e-01
7.885908e-01	6.109939e-01	6.936064e-02
5.690740e-01	7.704789e-01	2.872579e-01
2.948358e-01	9.284961e-01	2.257585e-01
8.133655e-02	1.542834e-01	9.846730e-01
3.974243e-01	3.629137e-02	9.169170e-01
5.790949e-01	8.113639e-01	7.960938e-02
3.414279e-02	9.724561e-01	2.305721e-01
3.333718e-01	6.381520e-02	9.406333e-01
1.436168e-01	7.256984e-01	6.728566e-01
3.052524e-01	8.382914e-01	4.517615e-01
8.158046e-01	2.345819e-01	5.286153e-01
4.863619e-02	9.933022e-01	1.048101e-01
3.533865e-01	1.673383e-01	9.203890e-01
1.119989e-01	9.825370e-01	1.485846e-01
9.371550e-01	1.718427e-01	3.036621e-01
6.862332e-01	3.224176e-02	7.266667e-01
9.267927e-01	4.273967e-02	3.731336e-01
1.812784e-01	9.696808e-01	1.638821e-01
2.732735e-01	9.546135e-01	1.184681e-01
9.101161e-01	8.009596e-02	4.065382e-01
2.617379e-01	8.316367e-01	4.897690e-01
9.116799e-01	1.741683e-01	3.721627e-01
2.812674e-01	5.700167e-01	7.719907e-01
5.774026e-01	3.814488e-01	7.218747e-01
1.435721e-01	4.839726e-01	8.632251e-01
3.456166e-02	4.682133e-01	8.829393e-01
6.195921e-01	5.000944e-01	6.049886e-01
3.663403e-01	6.615160e-01	6.543633e-01
5.557910e-01	5.403283e-01	6.317766e-01
3.081462e-01	5.732190e-01	7.592535e-01
2.819406e-01	9.027593e-01	3.248712e-01
6.796245e-01	3.134275e-01	6.632298e-01
3.598160e-01	8.483907e-01	3.882856e-01
2.160501e-02	8.474900e-01	5.303714e-01
2.094798e-01	3.540719e-01	9.114573e-01
1.071553e-01	9.400453e-01	3.237787e-01
8.888657e-01	1.905120e-01	4.166809e-01
4.278281e-01	3.046906e-01	8.509563e-01
7.987251e-01	4.826154e-01	3.593335e-01
2.516780e-01	7.758515e-01	5.785435e-01
2.364721e-01	9.567017e-01	1.697141e-01
5.400268e-02	1.354764e-01	9.893078e-01
8.981337e-01	1.138174e-01	4.247370e-01
7.429598e-01	4.275932e-01	5.149512e-01
5.452370e-01	6.782038e-01	4.927030e-01
2.544096e-02	9.979613e-01	5.853186e-02
5.231082e-01	1.845599e-02	8.520664e-01
4.990598e-01	7.717996e-01	3.940364e-01
2.621880e-01	7.383757e-01	6.213362e-01
1.321337e-01	9.881750e-01	7.778752e-02
3.678636e-01	1.560155e-01	9.166982e-01
7.594531e-01	3.585488e-01	5.428387e-01
2.665163e-01	8.590507e-01	4.370367e-01
4.469284e-01	4.198649e-01	7.899167e-01
3.679026e-02	5.954414e-01	8.025560e-01
5.720231e-01	7.896553e-01	2.218877e-01
3.570986e-01	7.825945e-01	5.099279e-01
2.493093e-01	1.575934e-01	9.555151e-01
2.685903e-01	4.821858e-01	8.338801e-01
3.873660e-01	6.236201e-01	6.790034e-01
7.979965e-01	2.303253e-01	5.569128e-01
6.594378e-01	3.715305e-01	6.535341e-01
7.373015e-01	2.818604e-01	6.139553e-01
2.369818e-01	4.583368e-01	8.566020e-01
4.364046e-01	3.636934e-01	8.229691e-01
5.609605e-01	4.605429e-01	6.879124e-01
5.961147e-01	8.024179e-01	2.779958e-02
5.580466e-01	5.966184e-01	5.767413e-01
9.584374e-02	1.293255e-01	9.869594e-01
9.627034e-01	2.691748e-01	2.733270e-02
5.106894e-01	7.666192e-01	3.892190e-01
4.062728e-01	3.166875e-01	8.571181e-01
5.053717e-01	6.533800e-01	5.636435e-01
1.395901e-01	9.852119e-01	9.935888e-02
4.559371e-03	8.089139e-01	5.879097e-01
3.677060e-03	3.514790e-01	9.361885e-01
1.306683e-02	7.480984e-01	6.634591e-01
8.233952e-01	1.711304e-01	5.410497e-01
7.560250e-01	6.131225e-01	2.291440e-01
2.654518e-01	7.398551e-01	6.181827e-01
7.123565e-01	7.002553e-01	4.680504e-02
1.947036e-01	9.145434e-01	3.545432e-01
8.501669e-01	4.061420e-01	3.350595e-01
5.826072e-01	6.424026e-01	4.978833e-01
3.619531e-01	8.638686e-01	3.503155e-01
6.509875e-01	2.969451e-01	6.985978e-01
3.000108e-01	8.558053e-01	4.214153e-01
5.591941e-01	5.423789e-01	6.269984e-01
1.820819e-01	9.524789e-01	2.441930e-01
4.850362e-01	8.727614e-01	5.502205e-02
2.084476e-01	6.171579e-01	7.587264e-01
6.876855e-01	7.937801e-02	7.216563e-01
7.948301e-01	5.617616e-01	2.294972e-01
7.118896e-01	3.631976e-01	6.010829e-01
6.353352e-01	6.135423e-01	4.715366e-01
1.563985e-01	8.154886e-01	5.572413e-01
1.546250e-01	9.038881e-01	3.988452e-01
4.753811e-01	1.097464e-01	8.729081e-01
3.970124e-01	6.917659e-01	6.031924e-01
2.361792e-02	8.936739e-01	4.480950e-01
1.089846e-01	8.245442e-01	5.552020e-01
2.188523e-01	8.600125e-01	4.609580e-01
2.463173e-01	2.714455e-01	9.304005e-01
5.158155e-01	2.740447e-01	8.116858e-01
8.149430e-01	3.260947e-01	4.790930e-01
8.912491e-01	4.062020e-01	2.016806e-01
9.976699e-01	4.358872e-02	5.248571e-02
9.666678e-01	7.117169e-02	2.459431e-01
1.405565e-01	9.895522e-01	3.209928e-02
9.444874e-02	9.020341e-01	4.212054e-01
9.292602e-01	2.632912e-01	2.591395e-01
4.827276e-01	1.912577e-01	8.546312e-01
9.045571e-02	8.041748e-01	5.874697e-01
6.823743e-01	3.146957e-01	6.597969e-01
8.351172e-01	4.899534e-01	2.500501e-01
3.093973e-01	5.885704e-01	7.468991e-01
9.826684e-02	9.393498e-02	9.907364e-01
2.243420e-01	8.642287e-01	4.503103e-01
4.060392e-01	5.277376e-01	7.460732e-01
3.512317e-01	8.739078e-01	3.360379e-01
3.421995e-01	3.125223e-01	8.861316e-01
5.529890e-01	2.938374e-01	7.796555e-01
3.195331e-01	8.844318e-01	3.401162e-01
8.888891e-02	5.951386e-01	7.986920e-01
6.825518e-01	6.657115e-01	3.015814e-01
6.789444e-01	4.547226e-01	5.764216e-01
8.439609e-01	4.445170e-01	3.002243e-01
1.572430e-02	7.790293e-01	6.267904e-01
1.424932e-01	9.852835e-01	9.440376e-02
5.363042e-01	4.235091e-01	7.300807e-01
5.509702e-01	8.040722e-01	2.233825e-01
4.064317e-01	7.575368e-01	5.108339e-01
4.226317e-01	6.668993e-02	9.038446e-01
5.297093e-01	1.932159e-01	8.258787e-01
3.505883e-01	8.766200e-01	3.295835e-01
2.670520e-01	7.524153e-01	6.021256e-01
7.162851e-01	4.770586e-01	5.092650e-01
7.835389e-01	6.204718e-01	3.288734e-02
7.821683e-01	2.802094e-01	5.565029e-01
2.537839e-01	5.463739e-01	7.981662e-01
2.162060e-02	8.481017e-01	5.293922e-01
4.854307e-01	1.637962e-01	8.587944e-01
7.359106e-01	1.500735e-01	6.602375e-01
4.667086e-01	8.839952e-01	2.712320e-02
8.349135e-01	2.799552e-01	4.738612e-01
7.150473e-01	6.408766e-01	2.792571e-01
2.723433e-01	5.468715e-01	7.916822e-01
5.365100e-01	1.939806e-02	8.436710e-01
1.857646e-01	9.766626e-01	1.078040e-01
6.898407e-01	6.486819e-01	3.214522e-01
6.627003e-01	7.488051e-01	1.091844e-02
5.345482e-01	4.018774e-01	7.434734e-01
9.913559e-01	1.054917e-01	7.800636e-02
6.888441e-02	9.126189e-02	9.934416e-01
8.719151e-01	4.111379e-01	2.659506e-01
3.365634e-01	6.549301e-01	6.766031e-01
6.831771e-02	3.947259e-01	9.162555e-01
8.174027e-01	3.298352e-01	4.722939e-01
4.004582e-01	8.801344e-01	2.549445e-01
8.361019e-01	2.924412e-01	4.641248e-01
2.907114e-01	8.956251e-01	3.366639e-01
1.955954e-01	7.175796e-01	6.684474e-01
3.923201e-02	5.204339e-01	8.530002e-01
9.682694e-01	2.484952e-01	2.654191e-02
6.672754e-01	7.370831e-01	1.070139e-01
2.228705e-01	1.214466e-01	9.672536e-01
6.699162e-01	4.242029e-01	6.093146e-01
7.720212e-01	5.603286e-01	3.000254e-01
9.976699e-01	4.358872e-02	5.248571e-02
5.956110e-01	1.129710e-01	7.952893e-01
4.596878e-01	4.456089e-01	7.681926e-01
4.478850e-01	4.013180e-01	7.989636e-01
3.566387e-01	3.927954e-01	8.476559e-01
6.997443e-01	4.179541e-01	5.793723e-01
9.015123e-01	4.000449e-01	1.650447e-01
7.665211e-01	5.859372e-02	6.395406e-01
4.967226e-01	8.074990e-01	3.181477e-01
4.732859e-01	8.166503e-01	3.302768e-01
3.342450e-01	9.179114e-01	2.138199e-01
4.628564e-01	1.220025e-01	8.779974e-01
9.456077e-01	1.737648e-01	2.750126e-01
1.264349e-01	8.923637e-01	4.332450e-01
2.782649e-01	4.501350e-01	8.484970e-01
6.525319e-01	3.605131e-01	6.678897e-01
3.467207e-01	9.358717e-01	6.268072e-02
6.480562e-01	5.964240e-02	7.592535e-01
3.845728e-01	5.281068e-01	7.571044e-01
4.549846e-01	7.028121e-01	5.468493e-01
6.974593e-02	4.145725e-01	9.073396e-01
3.481958e-01	6.604761e-01	6.652301e-01
8.083580e-01	2.292312e-01	5.422272e-01
3.073203e-01	6.567198e-01	6.886750e-01
4.415139e-02	3.820625e-01	9.230812e-01
3.399234e-01	7.620527e-02	9.373606e-01
8.854709e-01	2.215431e-01	4.084850e-01
4.910980e-01	8.683360e-01	6.939253e-02
4.205951e-01	4.667494e-01	7.779747e-01
5.235504e-01	8.307696e-01	1.889890e-01
7.110111e-01	1.469366e-02	7.030273e-01
4.400918e-01	8.249960e-01	3.545432e-01
1.583018e-01	2.560231e-01	9.536208e-01
4.037240e-01	6.231432e-01	6.698503e-01
2.035884e-01	7.500856e-01	6.292245e-01
6.062262e-01	6.749326e-01	4.206612e-01
6.560276e-01	4.911476e-01	5.730988e-01
1.832005e-01	5.871330e-01	7.884880e-01
7.451774e-01	1.151022e-01	6.568584e-01
8.505311e-01	4.160093e-01	3.217656e-01
8.820087e-01	1.838307e-01	4.338973e-01
7.520185e-01	5.363963e-01	3.830758e-01
3.869125e-01	3.721801e-01	8.436710e-01
7.890976e-01	3.157528e-01	5.269015e-01
3.684736e-01	1.296748e-01	9.205497e-01
7.780382e-01	1.763378e-01	6.029607e-01
5.360229e-01	5.420895e-01	6.471618e-01
7.347270e-01	6.032800e-01	3.102087e-01
7.572310e-01	5.186220e-01	3.970295e-01
1.233764e-01	4.222854e-01	8.980274e-01
5.626997e-01	4.459790e-01	6.960400e-01
9.160524e-02	2.413588e-01	9.661027e-01
8.046722e-01	5.062343e-01	3.102087e-01
2.448446e-01	3.039213e-01	9.206970e-01
7.382587e-01	6.331765e-01	2.325117e-01
5.496033e-01	2.920383e-01	7.827195e-01
2.996337e-01	8.698173e-01	3.919662e-01
9.791550e-01	1.875287e-01	7.802924e-02
4.675175e-01	8.785412e-01	9.794233e-02
1.941667e-02	2.597327e-01	9.654880e-01
2.319633e-01	7.725565e-01	5.910580e-01
7.019729e-01	4.568615e-01	5.463621e-01
2.408585e-01	1.623002e-01	9.568938e-01
6.023462e-01	3.780399e-01	7.030398e-01
4.032033e-01	5.187696e-01	7.538602e-01
5.164320e-02	6.925953e-01	7.194753e-01
3.820567e-01	9.190381e-01	9.696205e-02
8.950199e-01	3.524818e-01	2.733057e-01
5.663300e-01	2.321936e-01	7.907948e-01
9.130239e-01	1.671811e-01	3.720725e-01
2.518775e-01	9.593338e-01	1.274219e-01
1.886333e-01	6.744645e-01	7.138032e-01
5.632826e-01	1.397172e-01	8.143659e-01
7.768074e-01	5.346982e-01	3.326680e-01
4.153740e-02	7.236613e-01	6.889041e-01
3.372842e-02	4.909988e-01	8.705071e-01
9.811587e-01	1.838869e-01	5.927232e-02
1.588292e-01	9.405658e-01	3.001821e-01
6.237434e-01	6.023482e-01	4.981173e-01
4.563266e-01	4.315312e-01	7.781689e-01
5.248579e-03	1.457484e-01	9.893078e-01
5.616207e-01	3.550118e-01	7.473612e-01
5.426542e-01	5.102772e-01	6.671908e-01
1.222669e-01	2.398820e-01	9.630719e-01
5.672455e-01	8.232896e-01	2.065815e-02
4.243606e-01	1.746729e-01	8.884860e-01
8.587102e-01	4.917859e-01	1.440949e-01
8.290662e-01	5.478333e-01	1.119285e-01
2.457826e-01	9.683139e-01	4.426304e-02
5.387110e-01	2.325558e-01	8.097581e-01
8.153656e-02	7.509726e-01	6.552801e-01
9.082819e-01	2.445954e-01	3.394069e-01
1.137331e-02	7.099582e-01	7.041525e-01
1.970673e-01	9.322486e-01	3.034420e-01
4.727606e-02	5.876133e-01	8.077596e-01
3.044442e-01	5.261941e-01	7.939984e-01
6.705767e-01	7.187926e-01	1.834775e-01
5.864546e-01	7.189175e-01	3.731336e-01
9.751895e-01	1.048642e-01	1.949588e-01
7.406504e-01	4.203750e-01	5.241392e-01
9.828608e-01	2.960221e-02	1.819571e-01
3.517106e-01	1.264252e-01	9.275324e-01
4.653309e-01	8.813858e-01	8.140242e-02
1.454535e-02	1.802401e-01	9.835151e-01
4.683595e-02	9.976128e-01	5.074457e-02
8.844018e-01	7.070899e-02	4.613389e-01
2.510582e-01	9.562132e-01	1.504196e-01
7.192151e-01	6.945451e-01	1.835141e-02
7.481318e-01	1.100342e-01	6.543633e-01
8.703597e-01	4.538772e-01	1.909698e-01
9.446867e-01	6.702209e-02	3.210531e-01
3.517660e-01	3.891937e-01	8.513453e-01
7.303541e-01	5.856788e-01	3.515155e-01
3.267232e-01	2.178370e-01	9.196733e-01
6.054292e-01	7.848873e-01	1.319367e-01
2.368381e-01	7.458497e-01	6.225881e-01
2.097926e-01	3.684150e-01	9.056807e-01
9.799763e-01	5.596961e-02	1.910859e-01
1.429848e-01	7.225051e-01	6.764183e-01
1.206568e-01	6.991615e-01	7.047093e-01
9.178986e-01	3.858677e-01	9.256434e-02
8.056842e-01	1.319368e-01	5.774648e-01
4.435305e-01	5.170909e-01	7.320503e-01
7.524453e-01	1.440371e-01	6.427125e-01
8.318807e-01	3.545925e-01	4.268942e-01
2.381580e-01	2.871097e-01	9.278194e-01
5.898516e-01	7.218209e-01	3.620078e-01
8.359065e-01	4.493970e-01	3.151234e-01
2.082145e-01	6.172365e-01	7.587264e-01
1.618414e-01	7.592469e-01	6.303582e-01
3.735856e-01	7.001229e-01	6.084914e-01
4.809201e-01	5.139721e-02	8.752585e-01
7.436188e-01	5.162008e-01	4.249327e-01
4.426624e-01	5.131459e-01	7.353443e-01
6.754282e-01	2.384232e-01	6.978188e-01
7.510850e-01	6.593148e-01	3.428221e-02
5.963079e-01	1.630033e-01	7.860324e-01
2.250475e-01	7.791684e-01	5.850216e-01
4.746053e-01	7.989229e-01	3.694211e-01
9.741158e-01	2.065406e-01	9.186626e-02
1.057745e-01	8.923724e-01	4.387292e-01
8.596316e-01	1.950981e-01	4.721972e-01
2.482315e-01	5.657236e-01	7.863446e-01
3.302920e-01	5.996338e-01	7.289352e-01
8.799551e-01	3.901752e-01	2.710025e-01
2.368306e-01	4.001805e-01	8.853061e-01
9.520958e-01	2.003983e-01	2.309869e-01
8.391839e-01	3.757107e-01	3.932072e-01
8.848994e-01	4.198547e-01	2.016806e-01
6.140879e-01	5.630471e-01	5.530588e-01
3.233077e-01	8.637367e-01	3.905028e-01
6.378220e-01	6.511023e-02	7.674267e-01
4.349095e-01	8.251402e-01	3.605517e-01
1.109069e-01	7.061556e-01	6.993168e-01
8.259198e-01	4.516770e-01	3.374083e-01
1.780014e-01	8.140456e-01	5.528520e-01
3.996071e-01	1.980318e-01	8.950628e-01
4.569305e-01	4.321022e-01	7.774974e-01
5.020693e-01	2.287711e-01	8.341432e-01
6.176945e-01	5.332993e-02	7.846078e-01
3.951809e-01	3.519089e-01	8.485235e-01
2.978956e-01	9.545813e-01	5.729627e-03
3.596768e-01	9.327176e-01	2.589424e-02
4.620756e-02	8.014370e-01	5.962915e-01
8.037918e-01	5.432937e-01	2.423854e-01
1.876396e-01	7.692242e-02	9.792213e-01
3.970227e-01	7.350561e-01	5.496048e-01
2.512615e-01	6.609711e-01	7.070961e-01
1.912327e-01	9.292214e-01	3.161925e-01
1.136478e-01	9.835447e-01	1.404419e-01
5.654493e-01	1.219822e-01	8.157128e-01
7.824497e-01	6.096475e-01	1.268955e-01
8.758835e-01	1.537893e-01	4.573587e-01
4.328828e-01	9.675851e-02	8.962424e-01
9.760940e-01	2.036603e-01	7.591379e-02
3.720365e-01	9.215790e-01	1.108330e-01
1.330665e-01	3.418172e-01	9.302980e-01
2.232567e-01	7.030794e-01	6.751561e-01
3.077520e-01	9.514577e-01	4.122777e-03
8.626598e-01	2.087958e-01	4.606759e-01
7.855295e-01	6.113891e-01	9.563828e-02
1.491006e-01	2.411420e-01	9.589680e-01
9.026704e-01	1.727940e-01	3.941171e-01
7.417346e-01	6.687251e-01	5.134643e-02
2.123634e-02	9.644004e-01	2.635922e-01
9.303277e-01	3.608641e-01	6.532543e-02
7.960846e-01	5.465124e-01	2.599490e-01
6.787067e-01	6.772447e-01	2.840718e-01
1.809465e-01	7.051521e-01	6.855792e-01
2.594907e-01	8.164266e-01	5.158607e-01
5.650122e-02	9.920760e-01	1.122180e-01
2.146473e-01	9.744030e-01	6.682380e-02
9.569194e-01	7.173491e-02	2.813528e-01
5.177434e-01	2.027499e-01	8.311644e-01
6.537561e-01	4.516776e-01	6.071164e-01
8.810562e-02	4.089537e-01	9.082920e-01
4.162985e-01	2.462139e-01	8.752584e-01
5.692102e-01	3.920534e-01	7.226991e-01
2.011685e-02	2.279750e-01	9.734591e-01
3.220713e-01	9.462885e-01	2.842616e-02
2.965933e-01	9.549867e-01	5.729627e-03
2.243549e-01	6.930217e-01	6.851174e-01
7.242167e-01	2.173756e-01	6.544143e-01
8.078252e-01	2.916213e-01	5.122260e-01
7.296711e-01	6.833940e-01	2.351211e-02
7.656414e-01	2.327525e-01	5.996835e-01
2.785261e-01	9.203327e-01	2.746106e-01
4.591683e-01	5.559280e-01	6.928986e-01
7.929097e-01	5.616276e-01	2.363656e-01
2.423660e-01	1.342987e-01	9.608447e-01
4.522067e-01	3.754353e-01	8.090473e-01
7.910740e-01	2.343856e-02	6.112713e-01
8.560330e-01	2.246922e-01	4.655330e-01
5.002055e-02	9.768966e-01	2.077763e-01
7.089821e-01	6.216407e-01	3.330273e-01
2.286713e-01	4.483603e-01	8.641079e-01
4.662852e-01	7.153845e-01	5.203875e-01
2.859735e-01	8.803152e-01	3.785026e-01
5.864047e-01	7.183662e-01	3.742720e-01
1.135525e-01	9.827198e-01	1.461767e-01
1.889224e-01	5.157865e-01	8.356284e-01
4.170614e-01	7.568076e-01	5.032912e-01
4.991099e-01	6.452843e-01	5.783575e-01
8.552246e-02	5.257955e-01	8.463008e-01
6.999762e-01	1.394424e-01	7.004207e-01
9.855570e-01	1.662018e-01	3.247159e-02
4.111709e-01	8.891625e-01	2.008195e-01
6.761826e-01	2.145692e-01	7.047958e-01
2.522170e-01	5.454451e-01	7.992973e-01
4.259542e-01	7.895065e-01	4.418625e-01
3.745723e-01	7.019721e-01	6.057481e-01
9.723067e-01	3.140967e-02	2.315884e-01
9.303700e-01	3.362202e-01	1.461767e-01
3.482723e-01	9.274227e-01	1.363581e-01
8.639554e-01	2.243305e-01	4.508402e-01
2.009408e-01	3.049210e-01	9.309382e-01
3.753625e-01	9.266761e-01	1.934906e-02
7.102856e-01	6.912338e-01	1.330048e-01
2.864884e-01	1.429135e-01	9.473648e-01
1.204569e-01	6.980032e-01	7.058906e-01
8.897494e-01	1.084905e-02	4.563204e-01
4.672771e-01	8.572500e-01	2.162742e-01
7.441142e-01	2.950108e-01	5.993853e-01
5.052701e-01	8.592042e-01	8.043820e-02
5.573409e-01	7.725606e-02	8.266817e-01
8.784882e-01	4.508553e-01	1.580760e-01
7.328992e-01	4.322484e-01	5.253761e-01
9.087806e-01	3.660460e-01	2.003199e-01
6.537660e-01	1.020002e-01	7.497906e-01
1.428203e-01	8.900239e-01	4.329664e-01
5.449806e-01	1.900878e-01	8.166166e-01
3.923499e-01	6.857478e-01	6.130347e-01
7.050263e-01	6.603122e-01	2.586999e-01
5.586656e-01	3.770297e-01	7.387431e-01
7.515254e-01	6.597013e-01	1.929996e-03
7.342472e-01	6.787987e-01	1.064785e-02
6.504173e-01	7.572876e-01	5.893062e-02
6.603542e-02	9.208529e-01	3.842777e-01
9.101041e-01	2.694134e-01	3.148443e-01
2.989454e-01	6.302539e-01	7.165275e-01
9.263772e-01	3.744960e-01	3.972522e-02
1.150898e-01	9.928388e-01	3.202209e-02
5.766322e-01	3.861991e-01	7.199622e-01
2.563330e-01	9.205169e-01	2.948594e-01
6.011121e-01	6.507760e-02	7.965106e-01
4.840917e-01	8.731266e-01	5.749084e-02
9.252948e-01	2.332748e-01	2.990191e-01
5.783524e-01	3.820762e-01	7.207817e-01
1.113784e-01	2.112683e-01	9.710616e-01
5.320931e-01	8.461443e-01	3.027831e-02
2.060014e-01	9.342127e-01	2.912217e-01
9.821798e-01	1.269887e-01	1.385525e-01
5.167211e-01	7.568903e-01	4.001455e-01
5.775367e-01	2.367883e-01	7.812699e-01
8.200559e-01	5.598369e-01	1.187054e-01
8.276498e-01	1.125043e-02	5.611322e-01
2.925382e-01	9.448513e-01	1.472326e-01
8.966243e-01	1.532954e-01	4.154098e-01
4.247821e-01	9.046681e-01	3.370178e-02
1.345014e-01	7.994812e-01	5.854393e-01
6.647019e-01	7.454085e-01	5.037392e-02
6.358303e-01	6.140205e-01	4.676522e-01
3.801688e-01	7.604876e-01	5.264316e-01
5.443369e-01	7.476071e-01	3.805008e-01
3.340454e-01	9.237436e-01	1.873805e-01
8.828138e-01	2.217433e-01	4.140891e-01
3.236056e-01	6.652393e-01	6.728566e-01
8.419132e-01	2.559389e-01	4.750552e-01
8.625027e-01	5.051459e-01	3.027831e-02
4.152096e-02	9.121859e-01	4.076677e-01
9.628479e-01	2.692152e-01	2.114427e-02
5.389487e-01	4.719904e-01	6.976814e-01
3.504028e-01	9.157081e-01	1.967143e-01
8.136086e-01	9.564195e-02	5.734925e-01
5.490827e-01	3.711428e-01	7.488399e-01
1.099597e-01	3.230762e-01	9.399631e-01
5.436831e-01	7.467092e-01	3.831892e-01
1.085191e-01	8.477581e-01	5.191626e-01
8.937605e-01	2.903167e-01	3.419187e-01
8.035682e-01	5.678831e-02	5.924975e-01
5.008754e-02	7.128098e-01	6.995666e-01
2.586583e-02	3.246116e-01	9.454963e-01
8.317325e-01	4.370535e-01	3.423525e-01
5.920512e-01	1.294574e-02	8.057964e-01
8.158287e-01	5.430455e-01	1.988184e-01
2.266985e-01	5.633848e-01	7.944843e-01
2.393166e-01	4.692327e-01	8.500284e-01
4.704063e-01	7.906547e-01	3.918968e-01
2.636352e-02	9.975644e-01	6.457666e-02
5.768123e-01	8.127947e-01	8.156418e-02
5.680314e-02	4.092291e-01	9.106618e-01
4.015453e-01	7.499985e-01	5.256079e-01
4.786075e-01	6.452298e-01	5.954943e-01
1.242232e-01	9.911541e-01	4.671374e-02
7.149864e-01	5.516266e-01	4.295376e-01
9.042891e-01	3.115432e-01	2.918939e-01
6.098144e-01	4.288037e-01	6.678769e-01
7.400954e-01	8.631929e-02	6.669414e-01
8.905505e-01	1.454619e-01	4.309995e-01
6.940755e-01	5.531820e-01	4.607048e-01
5.694478e-01	8.066052e-01	1.584903e-01
5.757531e-01	7.612804e-01	2.982624e-01
6.810151e-04	6.243314e-01	7.811593e-01
3.858844e-01	1.750031e-01	9.057964e-01
7.563534e-01	3.227368e-01	5.690083e-01
4.883298e-01	5.491422e-01	6.782159e-01
4.985865e-01	8.667591e-01	1.184091e-02
8.513581e-01	3.905213e-01	3.502608e-01
6.369847e-01	7.193855e-01	2.770108e-01
2.358737e-01	2.889893e-01	9.278194e-01
2.380069e-01	9.709178e-01	2.591081e-02
7.916190e-02	9.688163e-01	2.347944e-01
4.534420e-01	7.248770e-01	5.185978e-01
3.830153e-01	8.556290e-01	3.481353e-01
5.480467e-01	2.949492e-01	7.827195e-01
2.143854e-01	3.171393e-01	9.238298e-01
4.264404e-01	3.426400e-01	8.371060e-01
9.112663e-01	1.799119e-01	3.704396e-01
3.842101e-01	2.381668e-02	9.229384e-01
2.175674e-01	7.769671e-01	5.907508e-01
9.963830e-01	1.312516e-02	8.395570e-02
7.611449e-01	6.377802e-01	1.179393e-01
6.865725e-01	6.644123e-01	2.952533e-01
9.742675e-01	1.441218e-01	1.732965e-01
3.226536e-01	7.503715e-01	5.769205e-01
5.295703e-01	8.311909e-01	1.693428e-01
9.907640e-01	3.920447e-02	1.298063e-01
8.499468e-01	9.070547e-02	5.190020e-01
3.425603e-01	9.393126e-01	1.855638e-02
5.430301e-01	8.386838e-01	4.156523e-02
7.648394e-01	1.133471e-02	6.441213e-01
1.850103e-01	9.044898e-01	3.842777e-01
6.937258e-01	1.615249e-01	7.018933e-01
2.855253e-01	4.903316e-01	8.234380e-01
1.092083e-01	8.736820e-01	4.740815e-01
2.557065e-01	2.302702e-01	9.389302e-01
4.630376e-01	4.650224e-01	7.545530e-01
9.619581e-01	8.579635e-02	2.593755e-01
3.350833e-01	2.551536e-01	9.069817e-01
5.364869e-01	8.438795e-01	7.009885e-03
4.546926e-01	8.400087e-01	2.960405e-01
7.153629e-01	6.187488e-01	3.246721e-01
6.642768e-01	3.217190e-01	6.747097e-01
5.626081e-01	1.451145e-01	8.138881e-01
6.945794e-01	5.238285e-01	4.931157e-01
3.428510e-01	6.196193e-01	7.060631e-01
7.094862e-01	4.003886e-02	7.035812e-01
3.052494e-02	1.875465e-01	9.817813e-01
5.822585e-01	5.222184e-01	6.231078e-01
7.736790e-01	2.696830e-01	5.733165e-01
9.515753e-01	1.433058e-01	2.719704e-01
8.408350e-01	3.776638e-01	3.877713e-01
3.144420e-01	4.118970e-01	8.552585e-01
1.034599e-01	6.808765e-01	7.250539e-01
6.092673e-01	4.489310e-01	6.536469e-01
4.498430e-01	2.273375e-01	8.636891e-01
6.201329e-01	2.497123e-01	7.436927e-01
4.556772e-01	1.007688e-01	8.844229e-01
6.168863e-01	3.696039e-01	6.948699e-01
2.954524e-02	7.117681e-01	7.017929e-01
6.120006e-01	3.776388e-01	6.948699e-01
4.287555e-02	5.863060e-01	8.089542e-01
4.133298e-01	8.722221e-01	2.615093e-01
3.035640e-01	4.620467e-01	8.332837e-01
3.285677e-01	9.287171e-01	1.718365e-01
7.207708e-02	9.893735e-01	1.262732e-01
5.170612e-01	3.784850e-01	7.677218e-01
7.466502e-01	9.236429e-02	6.587733e-01
8.714214e-01	1.913816e-01	4.516612e-01
2.060712e-01	2.287107e-01	9.514337e-01
8.539758e-01	1.529839e-01	4.973141e-01
1.515706e-02	9.239305e-01	3.822599e-01
5.101797e-02	2.886316e-01	9.560800e-01
6.050064e-01	5.845989e-01	5.405657e-01
6.529012e-01	5.220124e-01	5.488382e-01
4.145340e-01	8.771075e-01	2.425777e-01
6.410904e-01	7.499614e-01	1.629756e-01
3.458173e-01	7.027324e-01	6.217536e-01
7.894959e-01	3.263415e-01	5.198051e-01
7.349212e-01	2.388375e-01	6.347027e-01
7.814468e-01	5.336980e-01	3.232759e-01
7.054938e-01	6.420987e-01	2.999795e-01
3.221891e-01	2.161074e-01	9.216788e-01
7.236175e-01	6.901200e-01	1.059131e-02
1.322521e-01	9.509465e-01	2.796609e-01
4.594556e-02	9.316995e-01	3.603124e-01
8.301797e-01	1.599635e-01	5.340536e-01
6.582930e-01	2.015596e-01	7.252752e-01
9.657461e-01	1.487208e-01	2.126419e-01
7.754122e-01	6.222940e-01	1.071734e-01
7.307398e-01	3.823479e-01	5.655346e-01
1.048205e-02	9.659840e-01	2.583892e-01
8.087255e-01	4.297104e-01	4.016370e-01
3.511178e-01	7.503118e-01	5.601326e-01
7.048503e-01	6.415130e-01	3.027329e-01
1.433146e-02	8.958467e-01	4.441322e-01
3.173731e-01	1.326549e-01	9.390005e-01
9.534112e-01	6.220122e-02	2.951915e-01
9.950039e-01	2.138676e-02	9.751843e-02
2.339969e-01	8.596199e-01	4.542016e-01
5.803690e-01	8.139955e-01	2.415008e-02
2.391988e-01	6.021829e-01	7.616821e-01
6.905910e-01	1.725624e-01	7.023576e-01
5.958776e-02	9.786932e-01	1.964915e-01
7.990789e-01	6.011036e-01	1.213576e-02
5.242134e-01	7.534942e-01	3.967957e-01
5.720438e-02	9.921690e-01	1.110331e-01
6.979484e-01	6.680281e-01	2.580837e-01
1.422596e-01	2.614184e-01	9.546846e-01
3.577195e-02	1.086009e-01	9.934416e-01
5.239930e-02	4.499546e-01	8.915128e-01
6.699162e-01	4.242029e-01	6.093146e-01
9.703069e-02	6.721127e-01	7.340637e-01
3.413381e-01	1.230572e-01	9.318504e-01
3.681934e-01	9.296399e-01	1.425890e-02
4.871818e-01	1.548340e-01	8.594652e-01
9.244361e-01	2.497791e-01	2.881462e-01
5.521166e-01	3.677360e-01	7.482897e-01
9.497546e-01	1.463763e-01	2.766589e-01
2.547644e-01	4.089149e-01	8.762897e-01
7.833475e-01	6.093605e-01	1.226642e-01
2.300904e-01	7.776941e-01	5.850216e-01
1.284986e-01	5.264686e-01	8.404278e-01
4.358006e-01	4.338992e-01	7.885489e-01
5.948198e-01	8.006749e-01	7.147807e-02
1.484065e-01	6.492531e-01	7.459530e-01
6.222362e-01	7.824709e-01	2.369377e-02
2.626825e-02	8.211911e-01	5.700483e-01
9.895091e-01	1.154170e-01	8.689500e-02
6.203472e-02	3.979577e-03	9.980661e-01
6.036666e-01	7.871732e-01	1.262732e-01
4.387808e-01	2.277051e-01	8.692668e-01
5.935298e-01	4.626534e-01	6.585394e-01
2.581319e-01	9.000796e-01	3.510337e-01
4.263237e-01	6.783875e-01	5.983632e-01
6.596257e-01	6.907257e-01	2.962972e-01
2.148501e-01	9.319343e-01	2.921266e-01
5.380014e-02	3.992391e-01	9.152674e-01
4.422988e-01	7.156538e-01	5.405657e-01
6.881347e-01	5.862127e-01	4.275807e-01
5.465094e-01	1.948188e-01	8.144772e-01
3.773756e-01	4.166668e-01	8.271552e-01
3.966578e-01	7.425335e-01	5.397282e-01
4.614701e-01	8.834133e-01	8.140242e-02
8.213626e-01	5.664254e-01	6.727329e-02
7.552201e-01	6.554685e-01	1.929996e-03
6.936040e-01	6.983973e-01	1.765068e-01
7.180032e-01	6.954163e-01	2.945391e-02
1.948215e-02	2.280301e-01	9.734591e-01
8.461251e-01	3.146662e-01	4.301831e-01
1.227902e-01	2.066979e-01	9.706694e-01
6.362135e-01	6.071791e-01	4.759895e-01
6.239779e-01	4.863875e-01	6.116198e-01
1.172463e-01	6.464606e-01	7.538846e-01
7.891108e-01	6.125941e-01	4.508370e-02
8.057856e-01	5.922052e-01	1.637250e-03
3.160849e-01	4.140490e-01	8.536122e-01
1.693524e-01	9.077463e-01	3.838183e-01
9.592069e-01	1.972498e-01	2.025207e-01
8.393211e-01	3.706955e-01	3.976492e-01
9.165617e-01	3.919310e-01	7.940272e-02
5.515806e-01	6.336973e-01	5.423897e-01
7.263743e-01	4.722594e-01	4.993509e-01
6.452400e-01	7.547039e-01	1.186898e-01
7.092650e-01	6.381880e-01	2.994316e-01
4.932071e-02	9.206444e-01	3.872753e-01
5.561871e-01	5.394623e-01	6.321680e-01
9.064159e-01	2.568419e-01	3.353243e-01
1.401473e-01	9.404747e-01	3.096224e-01
1.085036e-01	6.406792e-01	7.601034e-01
6.849417e-01	4.656762e-01	5.603576e-01
4.294308e-01	2.539808e-01	8.666522e-01
7.373015e-01	2.818604e-01	6.139553e-01
4.923989e-02	5.718081e-01	8.189084e-01
6.022004e-01	1.916208e-01	7.750072e-01
9.931979e-01	1.164226e-01	1.902584e-03
6.591209e-01	7.239980e-01	2.034368e-01
9.129125e-01	1.687696e-01	3.716283e-01
2.223221e-01	3.655653e-01	9.038446e-01
8.531369e-01	3.932358e-01	3.428164e-01
2.342697e-01	4.205718e-01	8.764914e-01
1.358955e-01	8.047556e-01	5.778415e-01
2.406577e-02	6.145799e-01	7.884880e-01
7.573492e-01	6.141963e-01	2.217771e-01
4.102066e-01	8.502279e-01	3.299138e-01
1.037483e-01	7.186444e-01	6.875947e-01
1.999391e-01	2.250176e-01	9.536202e-01
3.771546e-01	8.769181e-01	2.979413e-01
1.080950e-01	1.327670e-01	9.852352e-01
8.367885e-01	5.466469e-01	3.101754e-02
4.858076e-02	7.129143e-01	6.995668e-01
9.214570e-01	2.548377e-01	2.932146e-01
1.728202e-01	6.367846e-01	7.514244e-01
9.364140e-01	3.488122e-01	3.819530e-02
2.927510e-01	8.777100e-01	3.793727e-01
4.580605e-01	1.188242e-01	8.809435e-01
2.239478e-01	4.161180e-01	8.813020e-01
3.996045e-01	8.782581e-01	2.687553e-01
9.156860e-01	3.975082e-01	5.921388e-02
1.141000e-01	5.084956e-01	8.534714e-01
6.550071e-01	2.906503e-01	6.974870e-01
6.440142e-01	1.271015e-01	7.543812e-01
5.120483e-01	5.620721e-01	6.495240e-01
8.382199e-01	4.846260e-01	2.500501e-01
6.028516e-02	3.095025e-01	9.489857e-01
8.421615e-01	4.474740e-01	3.008836e-01
1.149861e-01	4.210698e-01	8.997102e-01
7.914543e-01	6.016955e-01	1.075292e-01
4.126688e-01	6.331250e-01	6.548719e-01
1.211126e-02	3.423517e-01	9.394938e-01
1.463649e-01	9.775128e-01	1.518096e-01
2.134862e-01	1.091549e-01	9.708289e-01
9.402083e-01	1.704305e-01	2.948929e-01
7.520106e-01	5.357764e-01	3.839580e-01
2.074684e-01	3.217069e-01	9.238298e-01
8.825470e-01	1.893820e-01	4.304013e-01
5.446358e-01	8.377622e-01	3.906974e-02
2.816219e-01	4.160560e-01	8.646308e-01
2.317725e-01	2.289171e-01	9.454515e-01
9.848774e-01	1.126375e-01	1.316409e-01
3.592020e-01	2.479828e-01	8.997102e-01
2.452526e-01	4.438518e-01	8.618856e-01
5.621459e-02	9.978393e-01	3.400910e-02
6.380225e-01	3.651749e-01	6.779193e-01
5.600047e-01	6.089468e-01	5.617638e-01
4.612995e-01	8.462837e-01	2.664709e-01
6.135810e-01	5.777166e-01	5.382953e-01
7.470442e-01	6.029655e-01	2.799243e-01
1.513497e-01	9.402715e-01	3.077629e-01
8.404743e-01	3.008749e-01	4.506409e-01
2.112605e-01	9.500600e-01	2.296848e-01
1.845173e-01	5.806046e-01	7.930017e-01
4.441602e-01	7.785093e-01	4.434467e-01
9.570734e-01	1.759570e-01	2.303250e-01
4.970256e-01	2.394018e-01	8.340581e-01
7.416542e-01	4.685638e-01	4.799969e-01
2.285995e-01	7.727463e-01	5.921195e-01
4.944887e-01	1.526991e-01	8.556658e-01
8.076970e-01	4.565051e-01	3.731336e-01
1.963712e-01	7.652626e-01	6.130347e-01
2.936035e-01	2.851079e-02	9.555020e-01
5.517233e-01	8.034419e-01	2.237914e-01
4.381216e-01	8.442706e-01	3.086369e-01
8.551445e-01	3.934299e-01	3.375558e-01
4.807677e-01	6.210168e-02	8.746461e-01
1.471958e-01	9.815414e-01	1.221056e-01
6.335798e-01	8.195022e-02	7.693249e-01
3.330200e-01	8.911547e-01	3.081250e-01
2.428499e-02	3.248552e-01	9.454546e-01
1.546187e-01	4.869616e-01	8.596286e-01
4.059840e-01	4.452002e-01	8.006435e-01
4.727134e-01	3.013178e-01	8.281000e-01
6.811157e-01	6.750403e-01	2.835525e-01
4.224611e-01	4.206178e-01	8.028744e-01
8.918726e-01	4.166616e-01	1.759441e-01
1.268788e-01	8.954969e-01	4.265994e-01
7.202581e-01	6.211637e-01	3.088430e-01
7.101179e-01	3.853783e-02	7.030273e-01
6.356767e-01	7.718329e-01	1.375162e-02
8.934392e-01	9.320111e-02	4.394087e-01
7.165051e-01	6.206457e-01	3.184641e-01
8.519011e-01	4.976128e-01	1.632401e-01
7.402543e-01	5.728269e-01	3.519843e-01
3.713920e-02	1.563531e-01	9.870027e-01
5.050692e-01	8.217462e-01	2.638906e-01
6.944539e-01	1.156208e-01	7.101870e-01
5.053717e-01	6.533800e-01	5.636435e-01
7.351794e-01	5.656318e-02	6.755085e-01
8.142997e-01	2.179487e-01	5.379724e-01
3.647087e-01	8.599271e-01	3.570897e-01
9.659339e-01	1.829408e-01	1.830422e-01
7.972252e-01	4.979085e-01	3.413489e-01
9.169597e-01	3.774337e-01	1.293395e-01
1.830735e-01	5.867258e-01	7.888205e-01
2.173799e-01	1.338275e-01	9.668696e-01
3.856096e-01	8.631818e-01	3.259179e-01
3.378330e-01	7.358546e-01	5.868448e-01
7.137016e-01	6.711191e-01	2.005721e-01
7.634589e-01	3.119313e-01	5.655346e-01
9.863832e-01	9.726739e-02	1.326168e-01
7.891982e-01	5.559370e-01	2.609604e-01
3.760154e-01	9.194317e-01	1.151425e-01
4.547409e-01	7.751934e-01	4.385042e-01
8.356244e-01	2.420097e-01	4.931157e-01
5.879839e-01	3.093964e-01	7.473612e-01
6.503051e-01	5.855987e-01	4.839188e-01
7.000349e-01	1.969086e-01	6.864242e-01
7.471201e-01	5.917469e-01	3.027329e-01
7.805825e-01	6.177198e-01	9.546279e-02
7.100145e-01	2.538047e-01	6.568581e-01
5.233793e-02	6.118422e-01	7.892464e-01
2.488235e-01	8.441822e-01	4.748086e-01
6.474385e-01	3.180195e-01	6.925944e-01
9.269579e-02	2.331873e-01	9.680037e-01
3.594016e-01	8.322390e-01	4.221477e-01
3.551311e-01	2.384772e-01	9.038863e-01
4.837003e-01	8.487036e-01	2.138622e-01
7.145982e-01	4.222392e-01	5.577306e-01
4.968115e-02	2.305440e-02	9.984990e-01
9.451919e-01	2.433228e-01	2.177300e-01
5.969773e-01	5.801875e-02	8.001575e-01
8.500558e-03	2.657422e-01	9.640066e-01
3.964609e-01	4.847707e-01	7.796256e-01
6.113637e-01	6.704185e-01	4.204443e-01
2.336830e-01	7.998363e-01	5.528600e-01
8.195670e-01	1.106118e-01	5.622054e-01
6.771198e-01	7.357823e-01	1.153723e-02
6.574992e-01	6.246146e-01	4.213684e-01
6.241376e-01	2.883177e-01	7.261716e-01
1.517594e-02	7.687508e-01	6.393683e-01
3.129022e-01	7.724771e-01	5.526041e-01
1.272083e-01	9.004225e-01	4.160017e-01
1.935815e-01	6.510172e-01	7.339638e-01
2.796876e-01	8.662920e-01	4.138997e-01
7.093978e-01	4.003387e-02	7.036705e-01
4.301055e-02	5.881521e-01	8.076059e-01
7.972330e-01	6.027831e-01	3.274365e-02
1.342881e-01	1.631813e-01	9.774142e-01
5.925306e-01	7.660651e-01	2.491018e-01
8.014929e-01	2.652477e-01	5.359597e-01
2.691954e-01	8.293387e-01	4.896235e-01
