4.394102e-01	9.010287e-01	0.000000e+00
2.609982e-30	1.615545e-15	1.000002e+00
6.671476e-01	0.000000e+00	7.451055e-01
1.011024e+00	1.839089e-07	4.345628e-02
7.283865e-04	1.001956e+00	4.204198e-03
8.322575e-01	4.093080e-01	3.870885e-01
1.006161e+00	6.585268e-05	3.143737e-05
8.032689e-01	2.129609e-01	5.567506e-01
9.444137e-01	1.765778e-01	2.878044e-01
4.547903e-01	7.961470e-01	4.068605e-01
7.340785e-01	6.804593e-01	2.661825e-02
5.691499e-01	8.264445e-01	1.993560e-02
9.679128e-01	9.564249e-02	2.358235e-01
7.486232e-01	5.349923e-01	4.030223e-01
1.716235e-01	9.796093e-01	1.189736e-01
4.205616e-02	7.931615e-01	6.147184e-01
3.519044e-01	3.224693e-01	8.820040e-01
6.022122e-01	6.199638e-01	5.063619e-01
2.867532e-01	1.935105e-01	9.393170e-01
5.625604e-02	2.108362e-01	9.774287e-01
6.836786e-01	6.756552e-01	2.829033e-01
6.899860e-01	6.796103e-01	2.529722e-01
3.596639e-01	9.305470e-01	8.825858e-02
4.787272e-01	3.411105e-01	8.126056e-01
7.668680e-01	2.421621e-02	6.430912e-01
1.148521e-02	1.110431e-01	9.943435e-01
4.558941e-01	7.019673e-01	5.487534e-01
1.924898e-01	8.356834e-01	5.252876e-01
9.071800e-01	8.730629e-02	4.195842e-01
8.333746e-01	5.401078e-01	1.516310e-01
9.105269e-01	2.619210e-02	4.203753e-01
5.384383e-01	4.512627e-01	7.126119e-01
1.049553e-01	5.367503e-01	8.408361e-01
6.040169e-01	3.916222e-01	6.991350e-01
6.570633e-02	6.422932e-01	7.674029e-01
7.614363e-01	1.337503e-01	6.359516e-01
9.819227e-01	2.018628e-01	6.089136e-02
5.671856e-01	1.005695e-01	8.215858e-01
3.562043e-01	6.568793e-01	6.666790e-01
3.898622e-01	9.926871e-02	9.158432e-01
5.609790e-01	7.882389e-01	2.625811e-01
2.484948e-01	7.260996e-01	6.452481e-01
3.187312e-01	4.636085e-02	9.509477e-01
7.478205e-01	6.209388e-01	2.386660e-01
6.839379e-01	7.247673e-01	9.990757e-02
9.092154e-01	2.565379e-01	3.327212e-01
6.008761e-01	3.598982e-01	7.189459e-01
2.329654e-01	3.150236e-01	9.205548e-01
2.014623e-01	2.206295e-01	9.547933e-01
2.881651e-01	9.553543e-01	7.504620e-02
6.811306e-01	6.369938e-01	3.636919e-01
3.673317e-01	9.265437e-01	9.329151e-02
2.190271e-01	9.532960e-01	2.151549e-01
4.856623e-01	7.957238e-01	4.045394e-01
7.061670e-01	1.883068e-02	7.111178e-01
4.861799e-01	5.104530e-01	7.156097e-01
6.265997e-01	4.349693e-01	6.508180e-01
2.403454e-02	3.849469e-01	9.244084e-01
8.409242e-01	3.824022e-01	3.846531e-01
7.925679e-01	5.778911e-01	1.995543e-01
8.380221e-01	5.310276e-01	1.426383e-01
7.085386e-01	3.396457e-01	6.210004e-01
3.624378e-01	8.547724e-01	3.742878e-01
8.134071e-01	3.331222e-01	4.869063e-01
8.790106e-01	1.096870e-01	4.743741e-01
5.938132e-01	3.472251e-01	7.265191e-01
2.255020e-01	9.734159e-01	8.639839e-02
3.026438e-02	9.817179e-01	2.015716e-01
3.532981e-01	8.212906e-01	4.583554e-01
4.606905e-02	9.898421e-01	1.432628e-01
5.279916e-01	8.418461e-01	1.442672e-01
7.600940e-01	4.582065e-01	4.626018e-01
7.654081e-01	6.531213e-01	1.280970e-02
8.398152e-01	5.085505e-01	2.008764e-01
1.015513e-01	9.401585e-01	3.275709e-01
2.159172e-01	7.897457e-01	5.779187e-01
9.154547e-01	2.697154e-01	3.001535e-01
4.813858e-01	3.320812e-01	8.144408e-01
6.173120e-01	2.860521e-01	7.333779e-01
6.312873e-02	9.216416e-02	9.950208e-01
4.030126e-01	3.895817e-01	8.295951e-01
1.021245e-01	2.707501e-02	9.966667e-01
1.267504e-01	7.460564e-01	6.587671e-01
4.021061e-01	5.378993e-01	7.576216e-01
6.353666e-01	4.740252e-01	6.114187e-01
2.044230e-01	9.720057e-01	1.282149e-01
7.776078e-02	9.155775e-01	3.957887e-01
6.611256e-01	7.025683e-01	2.658583e-01
5.498524e-01	3.660922e-02	8.393575e-01
5.361577e-01	8.308498e-02	8.443611e-01
3.207632e-01	5.502399e-01	7.745876e-01
3.058507e-01	2.812665e-01	9.122564e-01
9.781019e-02	8.031545e-01	5.966056e-01
5.784375e-01	4.108940e-01	7.049473e-01
8.108632e-01	5.766853e-01	1.126782e-01
2.247762e-01	1.515671e-01	9.643307e-01
1.148563e-01	8.238911e-01	5.643329e-01
7.552297e-01	4.497463e-01	4.812458e-01
7.665183e-02	6.266422e-01	7.764859e-01
1.323548e-01	7.772167e-01	6.227042e-01
8.053701e-01	4.670660e-01	3.700749e-01
6.705759e-02	8.967793e-01	4.413055e-01
3.088852e-02	3.514984e-01	9.362100e-01
4.173293e-01	3.113551e-01	8.555773e-01
1.948150e-01	8.774548e-01	4.422922e-01
5.479955e-01	2.925123e-02	8.393900e-01
4.853029e-01	1.483230e-01	8.663927e-01
3.204195e-01	5.594700e-01	7.699161e-01
3.320756e-01	8.990036e-01	2.946732e-01
5.397256e-01	8.126498e-01	2.263710e-01
4.670803e-01	6.810272e-01	5.716522e-01
5.021444e-01	3.241069e-01	8.172004e-01
5.529459e-01	8.300123e-01	8.928247e-02
7.228431e-01	1.348412e-01	6.830990e-01
2.046027e-01	3.839284e-01	9.017500e-01
5.855479e-01	8.073078e-01	8.502011e-02
1.616352e-01	7.750863e-01	6.111255e-01
9.200853e-01	2.827099e-01	2.759647e-01
2.045987e-01	9.730718e-01	1.207079e-01
3.632497e-01	7.987138e-01	4.859917e-01
2.169855e-01	9.656003e-01	1.462860e-01
5.226761e-01	4.911219e-01	7.041170e-01
4.146441e-01	4.803385e-01	7.747463e-01
7.310524e-01	6.110868e-01	3.302588e-01
3.335429e-01	4.998041e-01	8.026527e-01
3.648953e-01	8.599955e-01	3.657702e-01
5.832964e-01	9.484675e-02	8.099985e-01
4.410159e-01	7.419496e-01	5.158171e-01
2.134373e-01	6.595948e-01	7.237509e-01
1.392118e-01	5.285653e-02	9.907270e-01
3.479790e-01	8.558114e-01	3.862899e-01
6.255804e-01	6.091814e-01	4.903956e-01
7.269130e-01	6.527054e-02	6.847879e-01
2.603527e-01	2.562832e-01	9.348099e-01
4.977235e-02	9.879162e-01	1.702390e-01
7.287369e-01	6.782199e-01	9.734218e-02
3.004094e-01	7.056664e-02	9.522574e-01
4.636805e-01	3.293843e-01	8.261345e-01
8.629345e-01	5.011608e-01	7.266971e-02
4.422495e-01	8.984948e-01	1.693150e-02
7.908170e-01	7.406675e-02	6.127742e-01
2.683257e-01	9.616016e-01	7.684844e-02
3.885929e-01	8.080470e-01	4.485105e-01
6.102797e-01	5.580519e-02	7.910416e-01
2.714474e-01	1.167410e-01	9.586175e-01
2.833266e-01	9.393133e-01	2.045925e-01
9.543307e-01	2.585234e-01	1.604907e-01
9.558814e-01	2.953005e-02	2.984826e-01
6.664408e-01	5.271506e-01	5.276448e-01
3.935333e-01	9.196679e-01	8.792147e-03
8.554942e-01	5.128377e-01	1.268187e-01
1.608886e-01	9.862871e-01	4.992865e-02
2.775093e-01	3.481029e-01	8.980564e-01
1.164477e-01	4.138422e-01	9.062136e-01
9.198903e-01	2.246837e-01	3.268665e-01
2.630078e-01	9.254928e-01	2.753682e-01
5.326474e-01	8.205143e-01	2.311132e-01
1.547002e-01	8.943555e-01	4.211601e-01
4.098041e-01	5.993816e-01	7.000753e-01
5.759811e-01	4.853208e-01	6.648909e-01
6.620602e-01	5.042075e-01	5.578349e-01
1.252357e-01	8.906979e-01	4.380605e-01
4.484953e-01	7.440911e-01	4.984704e-01
1.107604e-02	2.356442e-01	9.731459e-01
1.987402e-01	8.526826e-01	4.882863e-01
7.665647e-01	9.854504e-03	6.466058e-01
5.495012e-02	9.687553e-01	2.516678e-01
6.016269e-03	9.586797e-01	2.934310e-01
8.738899e-01	2.063859e-01	4.461453e-01
4.376106e-01	8.929189e-01	1.364713e-01
1.281436e-01	7.542804e-01	6.450338e-01
5.778785e-01	4.710221e-01	6.690155e-01
4.116330e-01	7.732267e-01	4.839495e-01
4.779703e-01	3.570434e-01	8.046267e-01
6.848183e-01	1.543224e-01	7.144286e-01
6.298708e-01	6.150833e-01	4.779938e-01
4.689551e-02	9.996322e-01	1.783509e-02
4.963438e-01	8.365913e-01	2.335986e-01
9.366983e-01	4.880775e-02	3.518938e-01
7.874774e-01	4.815626e-01	3.910757e-01
5.811354e-01	3.980511e-01	7.132450e-01
4.038591e-01	5.402443e-01	7.466531e-01
9.229725e-01	2.007746e-01	3.413085e-01
1.447552e-01	9.673380e-01	2.206652e-01
3.827352e-01	3.579343e-01	8.529806e-01
9.210439e-01	3.764615e-01	1.239065e-01
4.077013e-01	6.395863e-01	6.631023e-01
9.952938e-01	1.048750e-01	4.940120e-02
3.040709e-01	7.299477e-01	6.158342e-01
1.132036e-01	9.576586e-01	2.765545e-01
2.556460e-01	1.419854e-01	9.590345e-01
8.996093e-01	1.580211e-01	4.110329e-01
5.789495e-01	6.535829e-01	4.894980e-01
5.235681e-02	5.989559e-01	8.056383e-01
5.564747e-01	3.151399e-02	8.312421e-01
5.122229e-01	1.141129e-01	8.548257e-01
2.552772e-01	3.713945e-01	8.976097e-01
8.373068e-01	6.635815e-02	5.514131e-01
4.828750e-01	6.678988e-01	5.701849e-01
8.613105e-02	7.941094e-01	6.061551e-01
2.389093e-01	6.118101e-01	7.548040e-01
8.696840e-01	1.780313e-01	4.611499e-01
3.611488e-01	8.837870e-02	9.296652e-01
1.560603e-01	3.488551e-01	9.253190e-01
2.856981e-01	9.471752e-01	1.482473e-01
8.896828e-01	4.551302e-01	5.874316e-02
6.052895e-01	2.281404e-01	7.692218e-01
1.321532e-01	8.492794e-01	5.205671e-01
7.946739e-01	4.500357e-02	6.067291e-01
3.178781e-01	3.458528e-01	8.855243e-01
6.538628e-01	7.530972e-01	1.084355e-01
3.163762e-01	9.347556e-01	1.827076e-01
6.930101e-01	5.717178e-01	4.438623e-01
7.445801e-01	6.697156e-01	7.470567e-03
1.302500e-01	9.558758e-01	2.700818e-01
7.299135e-02	9.969332e-01	4.831420e-02
8.840596e-01	3.529115e-01	3.123008e-01
4.247472e-01	1.691226e-01	8.909755e-01
5.179713e-01	1.822363e-01	8.371375e-01
6.252626e-01	7.789946e-01	6.729552e-02
9.840780e-01	1.080852e-01	1.434021e-01
8.825084e-01	2.764906e-01	3.856922e-01
3.972829e-01	7.552244e-01	5.259185e-01
9.828151e-01	1.969811e-02	1.889232e-01
6.363232e-01	1.033316e-01	7.658725e-01
2.434883e-01	5.742421e-01	7.826792e-01
9.035067e-01	2.401852e-01	3.618834e-01
9.663832e-01	2.503067e-01	9.562094e-02
5.217201e-01	5.441868e-01	6.637372e-01
6.824502e-01	6.744412e-01	3.042074e-01
7.747665e-01	3.523370e-01	5.295240e-01
3.215586e-01	9.500673e-01	3.882706e-02
9.509573e-01	2.427117e-01	1.969016e-01
9.897545e-01	3.819383e-02	1.402037e-01
9.515120e-01	2.087037e-01	2.320289e-01
1.207803e-01	7.613306e-01	6.392993e-01
5.406014e-02	4.537767e-01	8.936001e-01
8.952591e-01	5.069985e-02	4.471362e-01
6.341708e-01	6.200804e-01	4.760981e-01
5.008871e-01	8.704880e-01	5.104746e-03
2.471948e-01	8.345286e-01	4.935111e-01
3.173349e-03	9.703414e-01	2.516766e-01
6.153528e-01	7.457813e-01	2.569006e-01
3.564465e-01	2.378411e-01	9.069795e-01
4.212250e-01	3.788092e-01	8.246617e-01
1.627494e-01	7.963534e-01	5.858149e-01
2.193982e-02	9.651499e-01	2.729761e-01
6.892636e-01	4.857422e-01	5.406709e-01
2.822945e-01	5.935835e-01	7.633341e-01
1.874481e-01	3.173036e-01	9.324214e-01
2.212251e-01	9.975148e-02	9.714824e-01
8.197680e-01	8.032274e-03	5.753827e-01
1.782105e-01	2.667519e-01	9.488884e-01
8.062922e-01	7.886222e-02	5.868679e-01
5.841242e-01	5.609353e-01	5.946120e-01
9.064804e-01	2.738923e-01	3.312555e-01
1.915595e-01	1.785819e-01	9.698717e-01
1.117449e-01	5.447908e-01	8.350218e-01
6.207947e-01	6.258507e-01	4.789055e-01
9.170951e-01	2.060848e-01	3.442861e-01
7.910724e-01	5.910407e-01	1.796950e-01
6.712183e-01	5.879270e-01	4.589493e-01
4.085469e-02	9.566759e-01	2.893553e-01
4.719062e-01	6.969977e-01	5.441093e-01
6.563501e-01	7.411355e-01	1.538074e-01
2.333465e-01	7.444731e-01	6.284023e-01
4.487602e-02	8.148199e-01	5.876931e-01
4.829720e-02	5.402556e-02	9.983782e-01
8.553830e-01	1.586234e-01	4.950019e-01
7.868865e-01	4.105442e-02	6.192424e-01
6.817841e-01	5.020687e-01	5.337171e-01
6.581109e-01	3.100671e-01	6.904657e-01
5.682644e-01	8.227835e-01	3.664443e-02
7.884282e-01	5.614503e-01	2.547778e-01
3.118728e-01	9.420233e-01	1.398168e-01
1.562892e-01	6.666068e-01	7.314173e-01
1.409367e-01	8.961414e-01	4.216315e-01
4.054630e-01	9.095632e-01	1.048480e-01
3.226812e-02	1.471126e-01	9.892930e-01
3.920595e-01	4.288960e-01	8.180210e-01
5.001168e-01	7.312449e-01	4.660955e-01
7.398170e-01	6.362685e-01	2.307266e-01
8.676659e-01	5.905149e-02	4.955929e-01
2.809682e-01	9.537470e-01	1.223916e-01
2.773169e-01	8.159132e-01	5.171080e-01
5.262670e-01	7.575056e-01	3.883078e-01
5.121867e-02	3.354474e-01	9.440172e-01
7.031899e-01	6.444335e-01	3.120699e-01
9.455844e-02	4.883659e-01	8.696367e-01
2.092916e-01	9.412083e-01	2.685787e-01
8.999707e-01	1.328398e-01	4.248700e-01
2.023587e-01	5.644456e-01	8.013109e-01
6.129101e-01	6.712225e-01	4.691226e-01
1.192486e-01	5.563572e-01	8.264664e-01
1.013841e-02	4.236648e-01	9.072537e-01
9.124210e-01	3.025423e-01	2.814596e-01
6.680880e-01	7.377794e-01	1.301336e-01
9.053952e-01	8.713453e-02	4.233118e-01
9.233183e-02	9.454080e-01	3.153769e-01
5.129347e-01	1.013436e-01	8.535522e-01
1.422413e-01	6.249889e-01	7.727162e-01
1.569400e-02	7.211121e-01	7.007277e-01
7.335567e-02	6.216873e-01	7.809538e-01
1.774386e-01	6.315606e-01	7.554020e-01
4.405160e-01	8.998987e-01	1.275553e-02
7.409664e-01	6.012224e-01	3.033759e-01
1.006149e-01	9.910384e-01	9.417162e-02
8.679891e-01	4.956724e-01	5.965075e-02
5.116974e-01	1.725981e-01	8.480992e-01
4.822912e-01	5.968671e-01	6.469858e-01
9.347838e-01	3.549125e-01	5.773425e-02
2.606353e-01	9.213395e-01	2.989865e-01
4.589980e-01	8.282824e-01	3.241337e-01
9.142559e-01	4.439623e-05	4.368253e-01
4.653938e-01	4.964462e-01	7.398723e-01
2.528421e-01	4.524262e-01	8.590252e-01
8.244367e-01	2.875019e-01	4.898505e-01
5.902682e-01	6.195114e-01	5.238410e-01
3.328973e-02	9.934213e-01	1.243472e-01
3.686851e-02	6.156599e-01	7.876514e-01
1.778813e-01	3.080846e-01	9.370095e-01
6.466706e-01	1.708857e-01	7.459071e-01
6.519377e-01	4.791194e-01	5.905212e-01
9.071545e-01	4.082458e-01	1.114180e-01
2.344839e-01	4.404642e-01	8.671629e-01
2.639568e-01	6.390908e-02	9.632539e-01
7.019774e-02	9.838587e-01	1.787304e-01
5.236927e-01	7.229393e-01	4.544347e-01
8.162982e-01	5.831329e-01	1.363922e-02
2.952008e-01	7.619871e-01	5.786763e-01
8.311220e-01	5.549904e-01	5.431285e-02
7.069034e-01	5.671601e-01	4.279463e-01
1.004391e+00	1.127775e-04	3.965387e-10
2.792820e-01	7.857847e-01	5.553819e-01
8.011034e-01	5.352031e-01	2.856410e-01
7.197799e-01	6.658641e-01	2.199059e-01
7.739520e-01	7.503663e-02	6.319760e-01
8.717541e-01	4.938524e-01	6.449666e-02
3.035972e-01	7.737794e-01	5.561195e-01
4.957509e-01	2.691422e-01	8.299357e-01
1.954925e-01	9.323389e-01	3.176071e-01
3.458595e-01	5.214033e-01	7.846698e-01
3.850710e-01	9.117939e-01	1.498602e-01
5.143843e-01	1.723704e-01	8.428892e-01
2.292019e-01	1.334233e-01	9.689662e-01
7.620241e-01	2.014520e-01	6.221053e-01
4.903028e-01	1.092295e-01	8.679147e-01
2.126584e-02	9.771280e-01	2.250371e-01
3.606024e-01	2.939353e-01	8.902166e-01
8.024072e-01	4.277027e-01	4.291689e-01
1.185783e-01	2.983808e-01	9.497011e-01
6.694695e-01	3.044348e-01	6.784421e-01
2.347236e-03	6.199990e-02	9.994996e-01
6.147840e-01	8.003379e-01	2.931848e-02
4.495808e-01	8.120200e-01	3.764334e-01
7.091027e-01	7.062927e-01	1.908803e-02
6.676962e-01	3.136202e-01	6.814921e-01
6.071341e-01	2.868906e-01	7.417842e-01
8.974063e-01	2.964551e-01	3.398049e-01
2.728498e-01	7.507428e-01	6.037686e-01
2.412883e-01	6.978716e-01	6.793515e-01
8.886740e-01	8.253991e-02	4.528080e-01
5.936606e-03	9.280189e-01	3.776882e-01
8.882471e-01	4.068686e-01	2.142188e-01
9.862094e-01	1.414169e-01	1.181070e-01
3.541128e-01	3.499634e-02	9.379522e-01
7.246481e-01	6.915917e-01	4.073886e-02
1.002399e+00	4.931643e-04	5.651753e-02
4.649970e-01	3.590605e-01	8.132039e-01
3.123450e-01	9.122379e-01	2.714193e-01
1.196868e-02	9.036496e-01	4.390981e-01
1.040845e-01	5.321318e-01	8.415155e-01
1.156032e-01	4.254639e-01	8.994919e-01
9.051143e-01	2.251320e-01	3.677282e-01
4.156357e-01	7.723592e-01	4.830520e-01
7.767563e-01	6.080773e-01	1.647777e-01
4.474140e-01	3.817776e-01	8.099515e-01
2.372593e-01	8.316641e-01	5.060560e-01
7.189805e-03	1.788249e-01	9.842965e-01
9.531686e-01	2.351124e-01	2.097226e-01
8.087203e-01	5.897685e-01	3.975350e-02
8.581508e-01	4.946564e-01	1.449443e-01
8.539303e-01	4.315668e-01	3.041990e-01
7.293266e-01	1.807240e-01	6.658645e-01
2.507215e-01	8.586691e-02	9.659831e-01
2.545487e-02	7.220781e-01	6.946373e-01
1.359194e-02	8.834328e-01	4.714294e-01
9.934023e-01	8.768025e-02	7.601641e-02
9.161318e-01	6.729260e-02	3.976840e-01
9.721031e-02	7.008234e-01	7.082284e-01
2.115989e-01	3.512720e-01	9.150703e-01
2.978755e-03	7.404220e-01	6.730428e-01
6.451655e-01	7.340048e-01	2.221944e-01
5.534792e-01	4.377986e-01	7.096598e-01
6.699629e-01	5.196693e-01	5.312388e-01
2.615237e-01	4.385128e-01	8.615599e-01
8.934923e-01	4.507160e-01	2.406936e-02
2.564264e-01	8.898098e-01	3.798664e-01
1.582569e-01	3.974020e-01	9.059664e-01
4.051647e-01	7.652715e-01	5.009730e-01
5.003615e-01	8.586546e-01	1.158218e-01
2.913896e-01	8.820990e-01	3.735943e-01
1.848192e-01	3.657523e-01	9.163920e-01
8.303257e-01	3.284782e-01	4.573845e-01
3.407817e-01	8.853704e-01	3.215695e-01
7.073798e-01	7.078956e-01	4.673616e-02
7.604734e-01	6.335388e-01	1.557870e-01
6.506203e-01	5.903801e-01	4.791143e-01
6.649175e-01	5.138451e-01	5.450318e-01
2.217123e-01	5.485133e-01	8.070401e-01
4.461019e-01	8.060558e-01	4.018312e-01
4.532561e-01	1.368410e-01	8.836192e-01
1.542043e-01	3.993943e-01	9.065163e-01
5.926957e-01	2.436926e-01	7.748304e-01
7.216473e-01	4.241221e-02	6.967025e-01
3.863404e-01	3.677804e-01	8.466599e-01
6.841121e-02	6.016840e-02	9.973408e-01
7.937822e-01	5.189294e-01	3.364092e-01
5.736155e-01	2.747254e-01	7.754937e-01
9.459490e-01	2.805449e-01	1.706310e-01
2.516564e-01	5.361607e-01	8.059787e-01
4.268414e-01	5.418960e-01	7.301043e-01
7.113360e-02	7.282774e-01	6.876470e-01
4.328326e-01	7.126278e-01	5.533081e-01
7.160708e-01	6.993609e-01	1.197980e-03
1.969699e-02	9.994777e-01	4.908122e-02
5.705990e-01	4.466888e-01	6.898811e-01
1.868205e-01	2.151499e-01	9.600249e-01
4.602796e-01	7.763465e-01	4.353511e-01
6.554935e-01	6.559714e-01	3.839164e-01
7.501077e-01	7.696389e-03	6.654922e-01
9.193479e-01	2.494932e-01	3.056088e-01
5.644744e-01	4.784273e-01	6.739229e-01
8.296518e-01	4.589401e-01	3.257078e-01
1.063635e-01	7.930887e-01	6.035667e-01
7.458341e-01	1.502726e-01	6.498180e-01
4.381045e-01	8.890772e-01	1.645441e-01
9.176190e-01	2.825314e-01	2.813038e-01
3.091621e-02	2.396746e-01	9.726099e-01
2.202708e-01	6.221005e-01	7.524374e-01
4.905016e-02	6.503699e-01	7.594866e-01
1.500727e-01	9.828741e-01	1.134986e-01
3.240873e-01	9.454554e-01	3.955737e-02
2.544255e-01	7.393220e-01	6.240145e-01
9.261070e-01	2.416657e-01	2.970879e-01
4.949633e-01	5.208842e-01	6.976981e-01
9.083337e-02	8.675216e-01	4.930324e-01
1.173311e-01	7.215316e-01	6.841596e-01
9.709334e-01	2.195896e-01	1.061621e-01
3.487414e-01	2.780813e-01	8.957435e-01
1.106642e-01	5.726463e-01	8.137808e-01
8.435265e-01	3.366265e-01	4.316821e-01
9.806355e-01	1.593503e-01	1.303561e-01
8.002661e-01	3.233101e-01	5.138393e-01
5.916030e-01	8.051730e-01	6.845029e-02
2.048746e-01	2.836586e-01	9.399162e-01
7.012794e-01	1.958075e-01	6.870891e-01
9.180113e-01	4.080860e-01	1.007202e-01
1.140693e-01	4.265453e-01	8.989457e-01
1.815201e-01	3.615486e-01	9.173887e-01
8.261381e-04	2.029010e-01	9.796649e-01
5.521074e-01	1.281009e-01	8.253169e-01
4.738092e-01	7.629371e-01	4.452515e-01
2.780187e-01	9.541724e-01	1.210427e-01
5.407985e-01	8.440604e-01	3.491607e-02
3.368654e-03	5.304101e-01	8.484273e-01
2.336658e-01	8.546635e-01	4.677753e-01
1.444120e-01	9.626734e-01	2.390443e-01
4.922068e-01	1.509183e-01	8.592916e-01
7.469217e-01	6.350377e-01	2.069184e-01
4.913014e-01	8.507310e-01	1.937958e-01
2.288541e-01	7.995624e-01	5.674904e-01
4.947068e-01	4.829327e-01	7.317996e-01
8.208694e-01	4.648706e-02	5.708368e-01
1.933512e-01	8.251998e-01	5.429162e-01
8.058428e-01	2.343319e-01	5.475632e-01
2.776714e-01	7.254581e-01	6.387027e-01
2.887423e-01	6.553412e-01	7.030576e-01
9.436936e-01	3.250769e-01	8.869170e-02
4.204833e-01	8.609679e-01	2.946075e-01
1.710077e-01	9.028082e-01	3.981478e-01
4.490388e-01	4.262961e-01	7.892103e-01
1.516456e-01	9.891810e-01	1.636004e-02
8.802851e-02	7.113026e-01	6.981378e-01
9.135014e-01	4.120818e-01	5.565462e-03
5.772260e-01	8.190731e-01	1.066630e-02
2.022136e-02	8.931437e-02	9.962862e-01
5.825614e-01	4.635427e-01	6.680785e-01
5.295117e-01	7.982377e-01	2.947249e-01
7.967186e-02	9.066324e-01	4.157549e-01
1.929039e-01	8.766604e-01	4.445565e-01
5.971702e-01	4.474051e-01	6.697109e-01
7.190492e-01	1.219994e-01	6.895164e-01
9.291995e-01	3.177394e-02	3.707031e-01
5.264231e-01	5.403009e-01	6.641547e-01
2.455031e-01	9.169090e-01	3.263289e-01
4.266383e-02	8.288860e-01	5.579445e-01
3.088551e-01	7.671204e-01	5.693650e-01
2.380457e-01	7.054695e-01	6.800671e-01
3.398770e-01	4.425243e-01	8.321606e-01
6.280566e-01	7.631754e-01	1.612425e-01
9.409475e-01	2.036721e-01	2.717692e-01
9.223766e-01	2.562778e-02	3.906046e-01
8.938549e-01	4.417696e-01	9.063200e-02
7.933436e-01	5.300189e-01	3.071853e-01
9.253422e-01	3.716429e-01	1.176348e-01
5.304072e-01	7.701874e-01	3.647610e-01
9.113228e-01	4.144380e-01	3.174717e-02
4.319813e-01	1.665407e-01	8.877002e-01
5.313290e-01	6.401508e-01	5.679658e-01
3.270874e-01	4.811018e-01	8.160675e-01
1.227637e-01	1.739929e-01	9.807151e-01
8.185564e-01	2.174261e-01	5.359461e-01
8.451538e-01	2.976967e-01	4.467388e-01
7.890077e-01	2.468808e-01	5.634311e-01
1.486768e-01	8.330329e-01	5.391304e-01
9.697070e-01	2.444640e-01	4.474118e-02
4.690631e-01	1.161556e-01	8.774847e-01
3.252790e-01	4.925950e-02	9.466741e-01
2.679209e-01	2.093286e-01	9.442932e-01
8.226865e-01	3.619314e-01	4.435137e-01
3.288439e-01	8.256003e-01	4.632057e-01
5.594723e-01	6.852045e-01	4.963980e-01
1.356973e-01	3.552411e-03	9.930445e-01
2.124034e-01	7.964689e-01	5.687032e-01
1.569221e-01	2.243921e-02	9.882568e-01
9.880200e-01	9.762935e-02	1.258800e-01
8.187053e-01	3.881732e-01	4.262988e-01
6.227498e-01	3.156272e-01	7.274465e-01
7.903539e-01	4.014152e-01	4.729561e-01
1.510182e-01	9.054091e-01	4.141185e-01
6.513766e-01	3.492923e-01	6.748179e-01
1.553756e-01	3.727452e-01	9.177950e-01
3.712197e-01	2.703846e-01	8.890608e-01
8.360553e-01	4.381600e-01	3.687812e-01
4.167000e-01	8.319386e-01	3.886324e-01
3.811234e-01	7.000804e-01	6.085929e-01
5.815594e-01	1.303364e-01	8.041164e-01
1.079017e-01	8.656125e-01	4.912348e-01
2.587965e-01	7.679551e-01	5.894858e-01
4.387386e-01	2.281481e-01	8.703607e-01
9.343798e-02	1.831862e-01	9.825303e-01
3.509009e-02	9.366402e-01	3.494262e-01
4.346351e-01	8.842393e-01	1.806992e-01
3.924962e-01	3.444537e-01	8.600820e-01
3.821438e-01	2.806960e-02	9.256032e-01
4.235074e-01	9.163428e-01	1.650290e-02
5.390995e-01	8.117071e-01	2.278534e-01
4.228360e-01	9.056124e-01	6.356016e-02
1.124952e-01	9.673397e-01	2.379593e-01
3.994229e-02	9.186370e-01	3.948401e-01
5.344198e-01	6.246806e-01	5.699194e-01
1.088569e-01	9.644053e-01	2.513575e-01
9.906656e-01	7.701805e-02	1.169021e-01
9.418848e-01	4.819748e-02	3.357057e-01
7.928314e-01	4.021014e-01	4.642353e-01
2.736085e-01	5.624079e-02	9.609237e-01
4.358290e-01	4.408670e-01	7.854353e-01
2.221908e-01	3.465681e-01	9.145203e-01
5.203806e-01	5.817904e-01	6.277168e-01
1.456673e-02	6.470250e-01	7.692377e-01
6.421277e-02	4.861649e-01	8.735316e-01
3.703440e-01	7.160973e-01	5.928376e-01
7.698667e-01	3.501673e-01	5.386088e-01
6.956659e-01	4.028801e-03	7.212383e-01
6.781540e-01	1.043947e-01	7.307552e-01
4.004688e-01	1.019694e-01	9.109878e-01
3.000444e-01	8.694450e-01	3.930284e-01
4.931890e-01	1.954048e-01	8.486687e-01
8.344204e-01	1.352668e-01	5.402380e-01
3.752104e-01	6.003350e-01	7.088686e-01
5.420906e-01	6.923677e-01	4.832105e-01
8.727022e-01	1.452868e-01	4.695057e-01
4.060347e-01	3.720718e-01	8.388374e-01
7.057319e-01	6.619489e-01	2.536954e-01
5.748069e-01	8.183205e-01	8.190825e-02
5.860256e-01	5.429177e-01	6.062299e-01
1.657574e-01	9.808597e-01	1.098096e-01
2.692630e-01	7.510640e-01	6.030765e-01
1.214315e-01	8.608639e-01	4.982216e-01
2.940073e-01	1.460222e-01	9.451768e-01
1.455743e-01	8.429690e-01	5.195130e-01
3.501836e-01	9.120958e-01	2.215025e-01
7.448646e-01	2.882506e-01	6.120169e-01
2.898437e-01	6.274519e-01	7.275940e-01
4.338241e-01	5.783042e-01	6.970420e-01
6.304818e-01	7.095656e-01	3.170158e-01
7.777100e-01	1.626601e-01	6.089269e-01
7.894330e-01	5.889689e-01	1.830512e-01
5.511775e-01	8.051398e-01	2.343140e-01
1.373686e-01	9.333065e-01	3.360402e-01
7.620456e-02	6.279797e-01	7.785992e-01
6.444731e-02	5.731517e-01	8.191592e-01
4.561417e-01	8.312613e-01	3.220054e-01
8.356140e-01	1.947806e-01	5.164294e-01
5.158055e-01	4.112567e-01	7.567636e-01
1.673988e-01	6.162746e-01	7.734326e-01
5.763212e-01	7.704024e-01	2.846577e-01
7.594465e-01	3.241204e-02	6.520516e-01
2.054224e-02	9.946265e-01	1.165050e-01
1.261012e-01	1.844508e-01	9.764220e-01
7.313121e-01	6.563312e-01	1.949607e-01
3.716570e-01	4.073278e-01	8.352592e-01
7.988613e-01	1.399975e-01	5.882981e-01
2.070471e-01	8.042194e-01	5.582542e-01
7.050489e-01	2.072992e-02	7.100463e-01
8.577972e-01	5.066172e-01	1.138400e-01
5.934787e-02	9.505392e-01	3.092087e-01
2.657212e-01	8.795279e-01	4.025117e-01
2.931327e-01	4.753357e-01	8.369185e-01
8.068576e-01	4.394529e-01	3.960578e-01
5.335957e-01	6.190361e-01	5.823843e-01
8.651119e-01	2.906284e-01	4.183677e-01
9.887245e-01	1.372761e-01	8.229321e-02
9.898184e-01	7.282032e-02	1.258371e-01
2.135189e-01	2.408080e-01	9.479016e-01
5.795837e-01	3.595579e-01	7.407512e-01
1.128663e-01	4.286674e-01	9.024936e-01
3.648925e-01	2.431328e-01	9.005283e-01
9.637373e-01	2.342503e-01	1.487519e-01
9.644374e-01	1.411885e-01	2.284876e-01
2.650182e-02	1.223915e-01	9.927284e-01
5.449061e-01	8.373588e-01	9.214919e-02
1.736030e-02	8.405616e-01	5.437233e-01
3.271664e-01	2.366962e-01	9.188190e-01
6.129864e-01	4.055171e-01	6.804732e-01
7.220949e-01	5.543993e-01	4.152828e-01
9.728234e-01	1.495966e-01	1.904754e-01
1.761803e-01	9.661771e-01	1.951978e-01
9.327271e-01	1.769270e-02	3.626914e-01
7.583330e-01	3.922454e-01	5.395796e-01
1.365171e-01	6.454916e-01	7.522370e-01
7.998561e-02	9.940677e-01	9.838378e-02
8.496508e-02	9.794576e-01	1.987477e-01
4.375241e-01	5.887673e-01	6.807867e-01
1.630103e-01	5.940346e-01	7.883944e-01
6.211109e-01	4.400260e-01	6.504456e-01
3.137944e-01	9.274473e-01	2.257695e-01
3.586420e-01	5.874755e-01	7.319244e-01
9.302327e-01	9.704150e-03	3.770237e-01
6.319947e-01	1.674520e-01	7.586603e-01
3.500564e-01	7.118720e-01	6.175269e-01
4.119839e-01	3.498871e-01	8.435791e-01
4.141045e-01	5.354482e-01	7.492916e-01
3.791750e-02	9.975409e-01	7.192113e-02
6.747061e-01	7.165754e-01	2.025108e-01
9.103272e-01	1.363733e-01	3.991750e-01
4.280402e-01	9.045146e-01	5.503772e-02
9.555527e-01	1.756383e-01	2.460373e-01
7.858258e-01	3.916979e-01	4.874361e-01
2.825300e-01	5.321786e-01	8.025867e-01
8.472906e-01	5.084852e-01	1.661591e-01
7.632652e-01	6.296766e-01	1.669446e-01
5.949627e-01	6.220291e-01	5.124216e-01
7.278003e-01	5.469255e-01	4.173574e-01
5.372679e-01	6.822834e-01	5.072157e-01
2.704089e-01	7.558975e-01	5.986374e-01
8.143089e-01	4.166260e-01	4.049925e-01
6.705215e-01	6.861513e-01	2.912921e-01
3.780407e-01	2.518936e-01	8.923963e-01
5.909878e-01	3.660034e-01	7.220837e-01
1.256935e-01	8.939539e-01	4.350218e-01
1.271897e-01	5.836646e-01	8.076520e-01
9.393331e-01	2.927304e-01	1.821780e-01
9.823886e-01	1.597410e-01	1.019862e-01
4.311563e-01	8.452866e-01	3.184835e-01
6.738573e-01	7.379683e-01	6.732570e-02
8.773955e-01	4.675908e-01	1.443391e-01
7.554957e-01	9.362778e-03	6.572434e-01
5.573800e-01	7.334189e-01	4.091634e-01
7.294744e-01	5.908089e-01	3.506458e-01
2.265445e-01	9.098542e-01	3.556478e-01
2.049265e-01	4.696198e-01	8.652479e-01
6.045427e-01	7.393560e-01	3.052641e-01
9.240227e-01	2.959680e-01	2.444086e-01
6.558868e-01	1.685411e-01	7.386899e-01
6.914517e-01	5.166895e-01	5.057035e-01
8.282475e-01	3.276561e-01	4.592007e-01
5.963725e-01	7.175891e-02	8.023798e-01
7.537357e-01	6.543373e-01	9.638815e-02
1.202573e-01	3.057173e-01	9.458875e-01
3.254288e-02	8.223768e-01	5.721376e-01
5.282202e-01	8.505508e-01	3.396724e-02
3.416845e-01	4.289372e-02	9.407461e-01
9.610404e-01	9.151377e-03	2.801919e-01
6.414328e-01	6.045730e-01	4.925115e-01
3.638665e-01	6.455900e-01	6.746868e-01
3.878044e-01	1.792338e-01	9.085186e-01
5.874358e-01	3.539974e-01	7.325512e-01
8.211180e-01	3.840993e-01	4.332272e-01
9.844003e-01	1.697657e-01	5.680394e-02
8.230775e-01	2.182124e-01	5.351335e-01
4.435502e-01	1.991572e-01	8.812071e-01
3.964211e-01	6.654026e-01	6.374459e-01
4.759130e-01	7.086468e-01	5.293400e-01
5.764196e-02	9.418744e-01	3.374895e-01
3.048407e-01	9.243764e-01	2.372387e-01
1.333175e-01	8.823706e-01	4.535100e-01
9.807284e-01	1.631496e-02	2.132324e-01
2.447960e-01	7.799862e-01	5.825471e-01
3.374784e-02	9.698485e-01	2.484448e-01
8.827424e-01	4.452933e-01	1.726508e-01
9.476286e-01	2.304689e-01	2.348990e-01
8.522161e-01	4.438443e-01	3.075460e-01
4.994433e-01	5.768250e-01	6.483240e-01
2.326038e-01	8.700514e-01	4.501628e-01
3.367609e-01	8.755657e-01	3.501945e-01
2.955102e-01	5.827394e-01	7.587974e-01
1.887149e-02	1.237606e-01	9.924374e-01
7.816969e-01	6.242321e-01	6.161683e-02
6.639555e-01	7.427050e-01	1.079933e-01
9.670435e-02	4.994489e-01	8.635264e-01
9.767782e-01	9.651851e-02	2.080055e-01
3.133107e-01	9.515570e-01	4.012973e-02
9.058117e-01	3.459969e-01	2.792064e-01
7.136377e-01	4.430061e-02	6.996727e-01
9.601514e-01	2.408021e-01	1.656060e-01
4.097820e-01	5.656895e-01	7.175762e-01
8.104948e-01	5.764233e-01	1.322632e-01
9.781327e-01	9.413472e-02	1.926020e-01
1.286756e-01	9.285439e-01	3.539927e-01
3.986328e-01	5.674919e-01	7.208711e-01
8.857284e-01	3.636062e-01	2.976558e-01
3.149153e-01	5.453032e-01	7.776228e-01
7.861798e-01	3.446564e-01	5.166666e-01
4.895049e-01	2.631986e-01	8.329074e-01
8.423113e-01	5.242427e-01	1.261443e-01
5.347169e-01	8.458536e-01	3.485503e-02
7.367506e-01	5.060443e-01	4.505710e-01
2.360123e-01	6.878834e-01	6.933710e-01
7.570858e-01	2.160297e-01	6.194962e-01
8.647696e-01	3.802878e-01	3.331531e-01
5.140245e-01	1.071689e-01	8.515467e-01
9.833265e-01	1.854357e-02	1.876729e-01
4.501312e-01	4.949301e-01	7.460648e-01
2.139506e-01	5.250666e-02	9.759025e-01
6.165398e-01	3.562967e-01	7.057087e-01
8.816286e-01	2.268596e-01	4.161651e-01
7.022913e-01	1.815540e-01	6.926413e-01
2.311577e-01	8.957403e-01	3.927633e-01
3.739564e-01	5.847830e-01	7.202789e-01
9.020705e-01	4.030945e-01	1.629339e-01
6.995955e-01	5.101729e-01	5.030653e-01
1.300117e-01	4.341803e-01	8.931850e-01
3.380882e-01	8.620286e-01	3.829952e-01
3.130733e-01	9.143650e-01	2.706446e-01
6.334004e-01	4.229597e-01	6.494133e-01
3.307379e-01	8.645274e-01	3.793465e-01
4.439526e-01	8.172018e-01	3.694439e-01
5.050725e-01	8.278006e-01	2.646130e-01
7.433999e-01	6.488181e-01	1.741696e-01
7.798687e-01	1.631116e-01	6.047230e-01
6.629846e-01	7.012641e-01	2.679308e-01
1.378727e-01	3.058673e-02	9.915157e-01
8.766406e-01	4.755037e-01	8.920842e-02
1.886397e-01	3.197174e-01	9.316177e-01
5.550978e-01	4.170381e-01	7.229263e-01
2.151173e-01	9.529145e-01	2.179429e-01
4.769933e-02	4.572781e-01	8.918508e-01
5.507403e-01	8.289591e-01	1.639001e-01
6.119396e-01	3.019950e-01	7.405499e-01
6.799828e-01	3.690560e-01	6.408755e-01
5.886098e-01	7.216320e-01	3.725088e-01
3.730027e-01	4.989001e-03	9.283010e-01
6.012476e-01	4.619101e-01	6.527268e-01
6.531475e-01	7.486294e-01	1.314580e-01
6.946304e-01	6.774259e-01	2.596059e-01
7.628096e-01	4.477827e-01	4.733591e-01
4.642019e-01	8.714384e-01	1.660254e-01
9.932142e-01	9.102224e-02	1.040313e-01
8.502334e-01	5.282766e-01	3.762350e-02
2.491653e-01	6.269795e-01	7.468340e-01
7.314829e-01	5.457343e-01	4.159452e-01
9.515788e-02	9.676558e-01	2.375417e-01
1.804254e-01	3.844011e-01	9.055397e-01
4.157513e-01	6.705791e-01	6.153702e-01
6.401093e-01	7.156482e-01	2.855214e-01
6.730046e-01	3.908564e-01	6.287852e-01
6.867294e-01	7.325499e-01	4.849616e-02
2.997719e-01	5.464547e-01	7.829615e-01
1.915200e-01	2.796077e-01	9.421709e-01
7.995487e-01	1.962849e-01	5.692764e-01
5.087790e-01	3.747388e-01	7.835279e-01
1.089847e-01	5.639553e-01	8.202610e-01
8.100394e-01	5.827119e-02	5.854293e-01
8.942371e-01	3.061071e-01	3.336778e-01
5.187569e-01	7.342461e-01	4.498788e-01
1.314129e-01	9.602935e-01	2.552640e-01
3.390013e-01	1.042271e-02	9.432326e-01
3.463376e-01	3.064998e-01	8.884017e-01
8.287236e-01	4.918950e-01	2.773569e-01
8.591796e-01	2.842893e-01	4.297455e-01
8.154735e-01	5.711023e-01	1.622921e-01
6.500242e-01	5.998897e-01	4.719335e-01
3.413212e-01	6.331721e-01	7.043105e-01
9.878408e-01	1.601376e-01	7.569765e-02
8.968230e-01	3.352864e-01	2.973442e-01
3.454619e-01	8.180051e-01	4.651001e-01
8.465839e-01	5.334899e-01	1.396694e-02
4.504649e-01	6.638105e-01	6.022569e-01
2.674987e-01	8.995928e-02	9.598782e-01
2.522112e-01	9.666972e-01	7.299777e-02
7.001549e-01	2.078525e-01	6.852742e-01
6.488238e-01	3.373944e-01	6.835973e-01
9.737716e-01	2.178454e-01	7.391973e-02
8.095637e-01	4.700317e-01	3.572020e-01
4.452234e-01	3.641228e-01	8.225820e-01
1.245286e-01	7.833795e-01	6.106012e-01
5.623554e-01	4.150145e-01	7.180210e-01
7.556935e-01	3.618904e-01	5.469027e-01
3.688416e-01	4.839812e-01	7.966187e-01
4.967190e-01	2.499470e-01	8.333316e-01
7.093688e-02	9.047765e-01	4.383035e-01
5.446093e-01	8.407013e-01	6.599031e-02
1.097429e-01	3.385219e-01	9.368545e-01
7.681663e-01	5.570816e-01	3.366039e-01
9.128133e-01	4.167036e-01	2.553352e-02
4.800034e-01	8.759042e-01	1.024857e-01
9.516656e-01	2.870236e-01	1.231552e-01
5.197608e-01	7.478776e-01	4.189753e-01
5.290113e-01	7.516276e-01	4.050819e-01
5.096434e-01	3.318117e-02	8.608504e-01
8.876638e-01	4.719199e-02	4.602155e-01
6.785776e-01	3.004722e-01	6.729234e-01
5.193319e-01	8.543373e-01	7.959106e-02
7.115661e-01	3.770642e-01	5.948280e-01
9.650297e-01	1.830544e-02	2.649132e-01
5.075948e-01	8.071693e-01	3.110561e-01
5.746928e-01	8.110393e-01	1.379482e-01
6.201998e-01	7.873739e-01	4.721841e-02
7.406074e-01	5.260656e-01	4.313781e-01
7.754725e-01	5.117570e-01	3.755269e-01
7.006063e-01	5.923641e-01	4.063944e-01
7.809706e-01	8.514456e-02	6.259249e-01
1.481954e-01	5.664451e-01	8.111380e-01
8.748484e-01	4.731368e-01	1.352985e-01
1.766032e-01	9.667788e-01	1.901886e-01
2.242961e-02	7.275732e-01	6.886396e-01
7.849901e-01	5.692824e-01	2.573001e-01
5.103758e-01	6.973462e-01	5.047238e-01
4.907474e-01	2.538376e-01	8.431358e-01
8.369470e-01	5.477559e-01	7.142515e-02
6.791900e-01	7.347224e-01	1.925323e-03
3.739309e-01	8.884697e-01	2.693400e-01
6.274322e-03	9.998000e-01	3.770846e-02
9.467297e-01	2.361604e-01	2.350167e-01
9.926650e-01	1.152154e-01	4.579079e-02
2.503873e-01	9.296884e-01	2.833432e-01
2.179072e-01	6.434882e-01	7.372743e-01
1.691069e-01	7.845798e-01	6.041495e-01
4.068477e-01	7.046469e-01	5.848376e-01
5.907504e-02	5.739627e-01	8.208806e-01
3.075419e-01	9.010145e-01	3.231170e-01
2.065892e-01	3.880649e-01	9.009736e-01
8.035537e-02	7.741279e-01	6.287993e-01
9.130512e-01	4.127018e-01	5.564601e-03
3.844759e-01	4.022083e-02	9.241607e-01
3.725129e-01	1.984553e-01	9.070290e-01
6.340465e-01	5.797859e-02	7.722435e-01
1.076113e-01	6.421664e-01	7.624911e-01
1.721982e-01	5.652223e-01	8.079662e-01
6.000232e-01	8.012646e-01	3.668391e-02
2.913554e-02	9.936917e-01	1.104746e-01
7.069937e-01	7.075091e-01	5.168082e-02
3.911493e-01	7.375600e-01	5.587622e-01
3.563401e-02	4.822030e-01	8.759419e-01
2.298008e-01	8.352826e-01	5.046600e-01
5.597112e-01	7.968296e-01	2.478263e-01
4.976351e-01	1.862059e-01	8.510779e-01
7.371772e-01	1.135819e-01	6.704946e-01
2.280300e-01	7.179046e-01	6.602890e-01
1.751609e-01	9.495283e-01	2.642486e-01
7.187915e-01	8.008559e-02	6.916379e-01
1.511206e-01	9.149036e-01	3.821243e-01
5.579837e-01	6.100852e-01	5.661304e-01
5.087636e-01	8.575250e-01	7.890145e-02
2.419873e-01	8.196206e-01	5.234691e-01
6.858835e-01	1.876083e-01	7.071569e-01
7.678961e-01	6.517320e-01	9.766427e-06
1.793545e-01	5.034539e-01	8.467309e-01
4.016393e-01	1.614184e-01	9.038401e-01
1.635998e-01	7.582151e-01	6.383722e-01
3.465636e-01	5.683628e-01	7.488458e-01
8.323292e-01	2.230492e-01	5.082936e-01
1.753867e-01	3.128302e-01	9.343396e-01
2.962001e-01	6.901412e-01	6.616135e-01
5.410099e-01	8.433388e-01	2.316826e-02
7.150247e-01	6.939675e-01	1.588534e-01
1.532636e-01	3.426034e-01	9.288431e-01
8.871408e-01	1.554682e-01	4.371983e-01
4.839895e-01	8.799894e-01	7.836168e-02
5.764781e-01	7.248879e-01	3.902639e-01
7.133458e-01	5.145803e-01	4.818954e-01
9.246532e-01	2.971790e-01	2.431046e-01
4.513741e-01	4.346222e-01	7.803156e-01
5.568022e-01	7.646288e-01	3.282887e-01
4.160797e-01	4.063703e-01	8.149396e-01
8.075107e-01	4.575310e-01	3.777220e-01
7.201015e-01	6.345783e-01	2.910019e-01
3.744069e-01	5.847620e-01	7.205124e-01
2.834417e-01	9.582303e-01	5.060212e-02
7.950028e-01	5.851013e-01	1.796257e-01
1.243965e-02	1.289877e-01	9.921171e-01
1.150703e-03	4.338125e-01	9.048590e-01
3.067509e-01	9.409386e-01	1.773212e-01
9.237475e-01	2.965624e-01	2.438803e-01
3.755101e-01	1.571784e-01	9.146707e-01
6.426645e-01	7.520486e-01	1.714215e-01
4.774407e-01	3.566478e-01	8.052196e-01
3.016385e-01	7.371181e-01	6.053489e-01
2.579342e-03	6.813076e-02	9.990118e-01
6.596832e-01	7.140618e-01	2.403671e-01
3.108510e-01	7.333580e-01	6.081496e-01
9.924773e-02	9.782086e-01	1.851222e-01
3.231963e-01	9.436510e-01	1.033753e-01
2.223665e-01	7.102108e-01	6.683051e-01
3.696280e-01	5.339288e-01	7.654612e-01
1.198291e-01	3.465785e-01	9.331555e-01
9.149016e-02	6.624502e-01	7.454160e-01
5.063380e-01	1.765728e-01	8.454987e-01
3.352419e-01	2.954720e-01	8.962922e-01
8.303614e-02	5.234127e-01	8.494689e-01
2.235667e-01	5.668607e-01	7.952643e-01
6.757311e-01	6.914823e-01	2.664391e-01
2.086250e-01	6.052796e-01	7.710102e-01
3.172559e-01	9.314521e-01	1.864771e-01
8.102970e-02	5.698965e-01	8.252851e-01
3.985190e-02	9.128024e-01	4.087156e-01
3.495981e-01	4.999107e-02	9.388358e-01
1.946298e-01	9.805103e-01	5.293615e-02
6.308597e-01	7.578469e-01	1.811164e-01
8.850859e-01	4.465742e-01	1.390321e-01
7.257092e-01	5.068465e-01	4.665736e-01
6.289090e-01	5.956625e-01	5.003688e-01
5.303469e-01	5.319042e-01	6.613146e-01
2.454618e-01	8.325678e-02	9.679345e-01
3.683570e-01	4.848526e-01	7.971423e-01
7.025426e-01	4.646735e-01	5.415653e-01
7.645733e-01	6.536775e-01	6.030346e-02
8.901052e-01	4.642865e-01	5.446956e-02
8.001503e-01	5.818515e-01	1.532161e-01
9.017746e-02	3.387422e-01	9.401140e-01
9.738993e-01	1.354001e-01	1.837270e-01
6.392873e-01	3.904939e-01	6.673893e-01
2.586023e-01	9.598275e-01	1.283162e-01
3.194363e-01	5.727597e-01	7.584050e-01
4.447032e-01	6.511820e-01	6.171318e-01
4.727364e-01	6.127254e-01	6.346043e-01
7.762915e-01	6.231321e-01	9.882671e-02
2.572900e-01	9.638278e-01	8.485773e-02
7.390554e-01	6.734522e-01	7.722656e-02
8.296080e-01	2.056036e-01	5.266913e-01
2.036765e-01	8.535726e-01	4.864640e-01
5.726697e-01	1.714475e-01	8.041649e-01
8.324800e-01	3.194029e-01	4.537985e-01
6.949300e-01	6.769521e-01	2.505459e-01
3.170416e-01	8.038694e-01	5.131266e-01
1.502100e-01	1.650734e-01	9.753325e-01
9.194748e-01	2.104091e-01	3.346410e-01
4.082889e-01	2.920834e-01	8.699905e-01
3.877989e-02	4.200119e-01	9.100972e-01
8.531100e-01	1.232908e-01	5.099358e-01
3.283679e-01	6.629172e-01	6.800906e-01
2.841407e-01	9.429468e-01	1.813575e-01
2.651134e-01	9.329020e-01	2.490626e-01
8.485403e-01	1.562258e-01	5.072076e-01
4.846133e-01	7.615004e-01	4.371990e-01
4.665561e-01	7.223766e-01	5.147473e-01
7.577704e-01	3.284492e-01	5.673660e-01
3.025240e-01	7.482441e-01	5.951301e-01
6.083760e-01	1.882180e-02	7.965158e-01
5.151813e-01	8.474643e-01	1.425902e-01
4.973462e-01	1.927136e-01	8.543553e-01
5.994969e-03	1.001744e+00	1.919412e-02
4.704305e-01	7.563491e-01	4.572373e-01
4.685100e-01	3.340530e-01	8.236231e-01
2.961424e-01	4.230803e-01	8.576624e-01
6.828442e-01	6.891204e-01	2.669748e-01
8.217857e-01	5.533357e-01	1.517827e-01
9.260045e-01	3.534596e-01	1.397077e-01
4.580403e-01	8.765133e-01	1.552661e-01
8.361567e-01	3.189003e-01	4.490625e-01
5.139545e-02	9.985266e-01	2.288850e-02
2.500910e-01	6.155156e-01	7.482987e-01
1.696392e-01	9.835666e-01	7.819029e-02
8.545115e-01	2.201232e-01	4.798777e-01
8.594167e-01	5.178971e-01	4.189047e-03
4.944187e-01	3.784739e-01	7.831348e-01
8.616431e-01	4.509502e-01	2.475783e-01
7.414778e-01	6.376969e-01	2.241995e-01
8.470985e-01	3.832771e-05	5.527022e-01
6.920296e-01	6.784331e-01	2.491642e-01
6.574401e-01	7.503181e-01	8.265440e-02
7.642108e-01	2.897697e-01	5.824081e-01
7.380798e-01	1.063790e-01	6.719762e-01
4.504820e-01	1.058203e-01	8.908217e-01
4.743023e-01	8.817860e-01	8.080864e-02
3.029953e-01	7.784867e-01	5.607539e-01
1.025183e-01	4.875773e-01	8.710398e-01
6.178715e-01	7.802160e-01	1.008445e-01
6.055938e-01	7.040323e-01	3.891257e-01
1.194787e-02	9.881155e-01	1.874364e-01
7.145048e-01	9.703797e-02	6.933896e-01
7.329203e-01	6.862282e-01	2.762226e-02
5.365459e-01	8.133379e-01	2.588922e-01
6.031814e-02	8.538353e-01	5.316367e-01
9.671545e-01	1.445883e-01	2.188169e-01
2.420878e-01	2.748952e-05	9.743302e-01
2.480143e-01	7.689848e-01	5.932502e-01
5.098437e-01	8.630402e-01	2.123796e-02
9.526650e-01	1.980575e-01	2.317677e-01
9.665185e-02	9.970828e-01	3.245625e-02
8.334820e-02	8.097965e-01	5.835722e-01
8.793947e-01	4.649556e-01	1.360851e-01
4.661236e-01	3.958456e-01	7.917557e-01
4.137518e-01	8.815092e-01	2.457296e-01
3.430943e-01	8.092952e-01	4.772555e-01
5.506226e-01	6.646546e-01	5.073860e-01
8.959879e-01	2.375423e-01	3.782277e-01
9.910407e-01	9.055744e-02	1.114613e-01
7.047721e-01	5.575649e-01	4.555692e-01
5.492667e-01	5.855418e-01	6.097593e-01
2.307984e-01	1.438834e-01	9.674316e-01
4.877576e-01	4.878646e-01	7.253519e-01
8.700781e-02	4.489337e-01	8.933157e-01
7.783796e-01	3.857539e-01	4.984246e-01
5.015768e-01	7.754055e-01	3.889097e-01
3.671273e-01	7.159602e-01	5.981943e-01
8.604360e-01	7.944572e-02	5.105255e-01
5.431104e-01	7.949256e-01	2.733027e-01
3.198898e-01	4.545806e-01	8.348430e-01
1.952890e-01	9.711276e-01	1.467457e-01
5.438462e-01	7.318428e-01	4.243345e-01
6.901934e-01	2.611667e-01	6.755671e-01
4.524154e-01	8.391141e-01	3.096679e-01
9.520260e-01	2.402567e-01	2.173718e-01
2.877125e-02	9.608643e-01	2.931019e-01
8.988219e-01	7.441086e-02	4.338722e-01
2.876296e-01	9.498995e-01	1.339543e-01
8.637883e-01	1.972255e-01	4.718954e-01
4.302997e-01	6.868671e-01	5.871441e-01
1.899214e-01	1.974957e-01	9.624668e-01
4.272429e-01	3.915430e-02	9.042622e-01
5.167510e-01	4.205665e-01	7.540860e-01
2.720895e-01	6.620890e-01	7.024378e-01
3.798945e-01	2.781464e-01	8.847809e-01
2.945675e-01	4.132570e-01	8.647420e-01
7.445208e-02	6.740392e-01	7.368545e-01
7.169274e-01	3.650089e-01	5.942372e-01
3.265070e-01	8.190595e-02	9.448878e-01
3.155738e-02	3.734672e-01	9.285559e-01
6.755426e-01	7.434623e-01	7.618018e-03
1.066015e-01	2.847587e-01	9.534947e-01
3.144268e-01	5.227135e-01	7.931296e-01
1.235498e-01	1.530472e-01	9.816619e-01
3.770175e-01	9.227974e-01	1.027680e-01
8.230567e-01	3.872044e-01	4.318429e-01
6.476987e-01	6.307199e-01	4.303945e-01
6.472698e-01	7.476967e-01	1.688076e-01
4.938249e-01	5.436651e-01	6.815907e-01
3.071612e-01	9.359652e-01	1.976310e-01
5.024360e-01	8.082183e-01	3.129615e-01
6.767416e-01	3.672968e-01	6.523541e-01
9.702591e-01	2.525825e-01	1.178508e-02
5.570205e-01	4.217160e-01	7.176514e-01
6.408433e-01	6.061460e-01	4.787177e-01
9.300686e-01	3.659233e-01	5.292677e-02
6.707821e-01	1.645630e-01	7.310879e-01
1.001927e-02	4.186861e-01	9.103486e-01
3.392720e-01	8.650467e-01	3.759938e-01
7.953003e-01	5.590332e-01	2.411708e-01
7.047322e-01	6.953343e-01	1.562661e-01
4.804806e-01	1.715336e-02	8.786662e-01
7.794451e-01	4.387602e-01	4.514056e-01
5.311248e-01	5.669143e-01	6.378283e-01
9.800242e-01	1.920649e-01	6.364280e-02
6.845249e-01	6.834751e-02	7.336980e-01
5.210622e-01	8.565213e-01	3.425467e-03
1.756491e-01	1.310564e-01	9.784227e-01
9.506070e-01	1.803186e-02	3.162874e-01
4.678725e-01	7.867268e-01	4.119129e-01
8.528492e-01	2.141932e-01	4.823682e-01
9.330492e-01	2.050634e-01	3.022446e-01
4.126838e-01	1.102753e-01	9.068143e-01
3.442009e-01	9.105607e-01	2.390443e-01
4.597254e-01	3.304859e-01	8.327966e-01
5.829574e-01	3.049062e-01	7.607940e-01
4.455269e-01	4.898675e-01	7.504101e-01
3.595455e-01	9.088768e-01	2.189116e-01
1.556122e-01	9.900244e-01	7.727830e-03
8.917673e-01	2.211681e-01	3.973798e-01
2.605552e-01	6.807393e-01	6.864703e-01
2.633323e-01	5.630651e-01	7.854573e-01
6.253287e-02	2.644683e-01	9.638825e-01
2.694840e-02	9.218343e-01	3.919348e-01
7.980531e-01	5.481505e-01	2.612883e-01
3.375519e-01	4.533775e-01	8.276531e-01
2.815007e-01	6.056862e-01	7.448318e-01
5.475478e-01	7.034396e-01	4.615130e-01
3.161099e-01	9.439534e-01	1.069816e-01
1.963687e-01	9.764968e-01	1.331561e-01
7.803430e-01	5.268179e-01	3.455690e-01
5.452695e-01	1.521442e-01	8.271469e-01
8.674617e-01	5.059543e-01	5.836675e-02
8.119296e-01	1.978757e-02	5.838328e-01
4.641526e-01	2.310421e-01	8.568428e-01
6.375268e-01	4.325828e-01	6.435551e-01
2.196072e-01	6.022428e-01	7.714866e-01
6.541580e-01	5.870927e-01	4.772333e-01
5.081975e-01	4.027676e-01	7.669139e-01
7.402305e-01	1.159018e-01	6.644957e-01
6.433735e-01	4.790100e-01	6.010975e-01
7.042070e-01	6.142206e-01	3.674834e-01
5.867631e-01	8.108124e-01	1.154714e-02
2.816271e-02	1.050427e-01	9.954777e-01
5.321817e-01	8.279813e-01	1.843959e-01
9.772757e-01	3.242866e-02	2.302177e-01
8.580835e-01	4.259178e-01	3.322129e-01
9.915377e-01	7.597208e-02	1.207194e-01
2.531325e-01	3.205317e-01	9.133415e-01
3.709518e-01	7.125055e-02	9.266754e-01
7.007082e-01	1.756937e-01	6.938047e-01
7.832965e-01	4.845252e-01	3.907823e-01
8.809853e-01	4.764558e-01	6.542178e-02
9.760456e-02	3.434140e-01	9.385705e-01
3.875415e-01	9.139767e-01	1.425885e-01
2.659318e-01	6.611881e-01	7.171887e-01
1.243629e-01	1.944754e-01	9.735953e-01
9.403561e-01	1.388009e-01	3.205821e-01
6.893644e-02	9.314987e-01	3.709361e-01
1.151039e-01	7.917652e-01	6.006136e-01
6.952059e-01	7.226458e-01	2.509707e-02
5.944013e-01	2.784618e-01	7.578285e-01
8.910855e-01	2.514225e-01	3.915622e-01
7.542977e-01	1.225711e-01	6.489758e-01
8.770680e-01	2.256861e-01	4.264995e-01
9.606140e-01	2.445964e-01	1.342255e-01
6.481082e-01	6.786379e-01	3.527149e-01
3.976014e-01	2.733085e-01	8.787458e-01
7.731748e-01	6.340581e-01	8.151175e-02
7.844937e-01	4.605403e-01	4.256365e-01
1.274648e-01	4.595129e-01	8.800146e-01
3.484081e-01	4.271461e-01	8.352933e-01
9.623267e-01	1.176005e-02	2.749266e-01
2.666438e-01	7.906629e-01	5.584329e-01
1.596812e-01	9.737872e-01	1.779156e-01
3.422933e-01	9.132107e-01	2.238149e-01
5.108687e-01	8.615830e-01	3.461514e-02
6.944658e-01	5.536038e-01	4.647822e-01
3.953579e-01	3.793121e-01	8.380384e-01
5.679024e-02	5.076163e-01	8.609527e-01
2.804063e-01	7.170345e-01	6.401388e-01
2.843828e-01	8.637000e-01	4.235893e-01
2.987064e-01	2.626180e-01	9.187408e-01
7.027111e-01	6.954124e-01	1.593603e-01
5.246120e-01	8.025785e-01	3.005436e-01
8.022747e-01	4.159879e-01	4.340697e-01
6.873701e-01	3.556713e-01	6.371448e-01
1.073027e-01	5.376825e-01	8.382957e-01
2.816894e-01	7.853908e-01	5.618788e-01
8.506328e-02	8.446526e-01	5.297052e-01
7.694559e-01	6.461455e-01	1.638097e-02
7.921573e-01	1.283795e-01	5.997431e-01
8.559071e-01	5.126504e-01	1.382528e-01
5.263821e-01	3.071522e-01	7.944915e-01
8.847392e-01	4.767445e-01	6.469564e-02
2.008025e-01	7.180406e-01	6.671560e-01
2.304165e-01	9.744933e-01	1.031280e-02
6.605582e-01	5.123743e-01	5.496497e-01
8.955820e-01	1.321920e-01	4.259980e-01
2.920976e-01	8.871306e-01	3.710642e-01
7.758460e-01	4.608207e-01	4.417557e-01
4.826868e-01	8.661859e-01	1.568794e-01
7.974396e-01	4.449949e-01	4.127996e-01
1.139532e-01	9.866812e-01	1.355810e-01
4.177362e-01	3.965283e-01	8.213550e-01
6.233991e-01	7.842210e-01	1.476020e-03
4.606335e-01	7.797395e-01	4.304924e-01
7.195311e-01	3.332081e-01	6.167294e-01
4.708864e-01	6.661026e-02	8.822736e-01
4.732473e-01	6.683872e-01	5.767544e-01
2.079719e-01	6.033845e-01	7.714438e-01
8.418746e-01	4.485064e-01	3.014361e-01
7.027193e-02	9.848986e-01	1.729166e-01
1.221868e-01	8.646424e-01	4.938442e-01
9.226831e-01	3.740191e-01	1.290948e-01
4.073092e-01	6.985327e-01	5.932761e-01
8.083578e-01	2.256823e-01	5.479136e-01
5.513901e-01	1.611878e-01	8.193573e-01
2.984783e-01	7.385921e-01	6.151976e-01
1.585830e-02	6.721648e-01	7.431068e-01
9.278728e-01	2.133294e-01	3.160989e-01
7.704380e-01	3.688728e-01	5.222002e-01
6.499790e-02	4.942560e-01	8.683676e-01
5.774476e-01	3.987406e-01	7.159648e-01
3.094976e-02	3.310919e-01	9.444610e-01
4.407537e-01	6.933553e-01	5.726599e-01
7.510238e-01	6.288815e-01	2.039381e-01
7.563211e-01	5.619734e-01	3.470440e-01
7.493272e-01	4.961684e-01	4.497252e-01
9.334901e-01	2.340506e-01	2.799678e-01
6.761713e-02	3.378707e-01	9.427393e-01
5.466165e-01	7.915259e-01	2.959649e-01
2.768245e-01	9.318308e-01	2.411606e-01
7.087577e-01	2.104064e-01	6.759442e-01
2.270551e-01	8.304841e-01	5.152412e-01
3.662586e-01	1.947187e-02	9.309988e-01
6.368615e-01	7.718490e-01	2.368926e-02
2.993228e-01	7.595082e-01	5.817373e-01
2.988313e-01	9.491571e-01	1.146351e-01
7.766640e-01	5.297317e-01	3.450522e-01
1.461822e-01	5.420935e-01	8.317825e-01
5.159367e-02	7.384632e-01	6.770326e-01
9.982393e-02	2.049872e-01	9.752071e-01
8.797830e-01	2.580914e-01	4.095533e-01
5.641523e-01	2.909079e-01	7.798610e-01
9.569304e-01	2.303564e-01	1.922597e-01
3.535697e-01	5.134073e-01	7.855965e-01
6.366419e-01	7.291200e-01	2.609846e-01
1.157849e-01	7.350741e-02	9.918193e-01
2.512319e-01	6.217544e-01	7.426011e-01
6.027170e-02	7.687456e-01	6.417274e-01
3.739234e-01	8.486716e-01	3.806471e-01
2.281410e-01	9.201740e-01	3.248542e-01
1.814190e-02	9.901862e-01	1.523375e-01
4.591246e-01	1.797044e-01	8.765633e-01
2.745153e-01	8.337315e-01	4.860309e-01
6.927798e-01	6.305724e-01	3.534313e-01
7.931820e-01	2.590272e-01	5.537260e-01
8.303297e-01	4.309075e-01	3.846179e-01
4.722830e-01	1.135890e-01	8.757253e-01
4.769880e-01	2.183083e-02	8.870947e-01
4.145267e-01	9.076791e-01	1.215304e-01
6.743312e-01	1.295221e-01	7.280863e-01
1.398489e-01	9.276273e-01	3.596275e-01
1.389811e-01	9.918929e-01	4.328322e-02
1.408991e-01	7.302482e-01	6.764216e-01
7.871071e-01	3.299694e-01	5.328421e-01
2.355650e-01	1.817276e-01	9.562677e-01
3.513125e-02	9.980754e-01	7.408671e-02
1.741324e-01	7.810965e-01	6.020749e-01
6.461680e-01	1.254435e-02	7.644213e-01
3.022190e-01	5.509154e-01	7.791584e-01
7.297915e-01	6.831026e-01	3.582189e-02
2.442600e-01	9.719841e-01	1.402128e-02
2.852075e-01	2.807496e-01	9.170254e-01
3.641378e-01	3.209400e-01	8.759310e-01
8.992659e-01	2.724254e-01	3.559342e-01
9.361160e-01	3.187330e-01	1.510578e-01
3.801068e-01	7.674766e-01	5.302136e-01
1.476678e-01	7.854808e-01	6.053528e-01
4.272128e-01	7.666601e-01	4.848812e-01
1.600221e-01	8.219226e-01	5.505532e-01
6.329160e-01	1.281219e-04	7.866087e-01
8.866875e-01	3.665832e-01	2.952115e-01
6.589893e-01	6.038680e-01	4.567352e-01
3.946441e-01	7.984687e-02	9.224643e-01
5.613884e-01	7.634825e-01	3.227489e-01
5.145523e-01	4.217116e-01	7.531017e-01
8.604429e-01	1.120487e-01	5.000245e-01
9.762263e-01	9.844588e-02	2.077646e-01
4.454095e-01	8.467347e-01	3.093576e-01
4.388848e-02	7.810831e-01	6.263873e-01
8.922569e-01	4.565576e-01	2.532349e-02
2.816317e-01	6.581648e-01	7.028198e-01
5.855943e-01	1.799326e-01	7.956947e-01
9.705452e-01	1.503761e-01	2.061180e-01
9.535605e-01	2.622270e-01	1.714767e-01
6.963809e-01	1.902410e-01	6.960403e-01
7.500190e-01	6.858336e-02	6.591776e-01
9.856982e-01	1.658763e-01	4.424802e-02
4.009194e-01	1.014302e-01	9.116583e-01
9.787874e-01	9.419773e-02	1.917526e-01
3.883750e-01	7.763683e-01	4.991759e-01
7.588164e-01	3.125695e-02	6.549297e-01
5.208702e-01	6.379456e-01	5.705627e-01
1.535315e-01	8.334934e-01	5.363100e-01
3.575100e-01	9.252578e-01	1.447910e-01
7.080436e-01	3.860625e-01	6.043539e-01
3.054033e-01	3.605892e-01	8.865476e-01
7.576183e-01	1.202560e-01	6.443776e-01
7.438532e-01	6.772411e-01	3.219356e-02
2.333237e-01	1.296443e-02	9.762379e-01
9.539106e-01	3.164178e-01	4.261258e-03
7.921768e-01	2.478724e-01	5.591858e-01
8.741521e-01	4.525331e-01	1.856246e-01
1.983387e-01	1.434579e-01	9.720078e-01
5.720024e-01	5.803853e-01	5.813465e-01
3.766841e-01	4.034597e-01	8.361183e-01
4.253775e-01	9.062780e-01	9.109016e-04
5.474327e-01	3.971890e-01	7.387213e-01
2.396339e-01	6.136656e-01	7.531227e-01
7.119859e-01	6.759255e-01	2.122356e-01
7.638384e-01	6.069442e-01	2.395779e-01
3.713922e-01	7.181241e-01	5.910089e-01
1.853974e-01	3.812639e-01	9.067562e-01
8.665348e-01	4.985788e-01	7.035260e-02
1.829404e-01	3.043315e-03	9.861072e-01
1.416140e-01	9.004481e-01	4.166829e-01
4.337503e-01	8.783730e-01	2.057409e-01
9.190950e-01	2.473427e-01	3.077591e-01
6.186734e-01	4.683499e-01	6.326408e-01
7.134734e-01	6.241109e-01	3.291641e-01
2.882005e-01	6.150271e-02	9.578949e-01
8.833975e-01	4.017385e-01	2.606131e-01
8.781807e-01	4.196106e-01	2.420451e-01
1.210974e-01	9.785110e-01	1.701254e-01
6.487401e-02	4.895497e-01	8.724859e-01
1.180204e-01	6.508546e-01	7.519892e-01
3.060476e-01	7.592675e-01	5.797157e-01
5.962687e-01	2.125403e-01	7.867334e-01
2.260968e-01	8.269789e-01	5.191055e-01
6.214819e-01	3.800615e-01	6.880620e-01
6.274023e-01	7.783198e-01	6.817882e-02
5.733669e-01	4.046406e-01	7.166730e-01
6.911535e-01	5.792526e-01	4.350127e-01
1.997777e-01	9.839081e-01	2.211104e-02
2.157114e-01	5.072193e-02	9.758832e-01
6.830790e-01	4.009794e-01	6.198879e-01
7.792108e-01	4.492164e-01	4.397924e-01
6.443977e-01	7.566100e-01	1.492112e-01
8.464424e-01	1.769178e-01	5.037376e-01
5.166885e-01	8.597041e-01	4.759481e-02
7.850923e-01	6.196515e-01	6.160520e-02
6.421576e-01	2.297088e-01	7.477827e-01
3.991606e-01	1.666025e-01	9.031538e-01
4.196395e-01	7.877822e-01	4.632753e-01
2.101498e-01	1.811799e-01	9.616343e-01
5.189852e-02	9.105973e-01	4.124752e-01
3.509526e-02	9.367780e-01	3.487714e-01
1.879832e-01	4.930593e-01	8.509228e-01
4.001699e-01	8.484411e-01	3.595213e-01
5.955325e-01	4.177114e-01	6.958464e-01
9.622528e-01	1.408687e-01	2.366364e-01
5.460463e-02	8.166622e-01	5.768368e-01
8.352589e-01	6.962315e-02	5.498682e-01
6.849875e-01	1.277795e-01	7.226071e-01
8.781807e-01	4.196106e-01	2.420451e-01
4.291177e-01	5.278512e-01	7.342136e-01
8.412587e-01	1.176730e-01	5.303282e-01
4.602723e-01	7.527367e-01	4.726750e-01
4.468027e-01	3.899092e-01	8.082173e-01
2.738968e-01	6.997737e-01	6.606773e-01
3.257099e-01	5.336394e-01	7.840460e-01
5.089696e-01	3.123651e-01	8.074034e-01
4.875182e-01	2.220313e-01	8.461669e-01
9.402949e-01	2.736735e-01	2.102957e-01
9.120172e-01	5.426512e-02	4.080465e-01
2.645288e-01	1.556132e-01	9.532151e-01
4.362328e-01	1.024731e-01	8.993827e-01
3.784385e-01	9.072891e-01	1.982989e-01
3.079617e-01	9.353116e-01	1.913918e-01
5.469299e-01	4.927382e-01	6.791851e-01
2.034366e-01	6.107715e-01	7.661590e-01
7.514685e-01	6.544226e-01	1.326068e-01
5.029688e-01	2.998218e-01	8.165273e-01
4.623614e-01	2.770154e-01	8.449122e-01
7.724273e-01	6.486407e-01	1.498122e-02
7.693469e-01	1.192208e-01	6.337271e-01
7.212442e-01	4.716003e-01	5.087879e-01
8.391257e-01	4.296422e-01	3.463170e-01
6.662715e-01	9.154772e-02	7.437951e-01
4.564527e-01	7.657743e-01	4.631102e-01
7.936007e-01	4.494279e-02	6.100543e-01
2.741938e-01	9.634864e-01	5.368647e-02
6.854298e-01	4.871437e-01	5.425361e-01
8.101266e-01	6.072070e-02	5.839969e-01
5.038836e-01	7.360545e-01	4.595855e-01
5.657985e-01	6.388867e-01	5.265738e-01
1.383029e-01	9.919675e-01	6.215273e-02
1.590411e-01	4.659474e-01	8.713358e-01
3.589643e-01	5.698293e-01	7.418189e-01
7.919353e-01	5.243680e-01	3.461952e-01
7.554362e-01	1.477025e-01	6.401849e-01
3.210618e-02	7.818848e-01	6.265703e-01
2.459785e-01	5.866808e-01	7.732260e-01
8.267759e-01	1.511479e-02	5.662285e-01
9.747283e-01	2.001362e-01	1.769508e-01
3.152682e-01	9.461872e-01	1.060321e-01
4.603390e-01	7.234762e-01	5.186120e-01
3.609976e-01	7.077397e-01	6.077874e-01
9.356943e-01	5.343849e-02	3.516124e-01
3.467066e-01	8.913066e-01	3.135402e-01
6.869263e-01	7.068850e-01	2.036539e-01
1.341396e-01	9.761612e-01	1.759363e-01
9.003101e-01	3.257208e-01	2.973351e-01
6.171065e-02	7.076076e-01	7.062677e-01
9.261003e-01	1.558659e-01	3.606960e-01
1.237538e-01	7.747207e-01	6.259111e-01
3.543974e-01	7.270645e-01	5.904097e-01
1.708249e-01	7.586604e-01	6.297565e-01
8.252871e-01	4.916545e-01	2.880515e-01
9.854702e-01	7.465004e-02	1.549565e-01
1.426758e-01	6.159482e-01	7.791167e-01
4.451019e-01	8.874142e-01	1.369502e-01
7.954515e-01	5.861224e-01	1.571829e-01
4.130958e-02	7.269411e-01	6.887081e-01
6.603729e-01	2.120079e-01	7.209344e-01
8.193920e-02	9.509117e-01	3.087436e-01
4.370635e-01	3.109185e-01	8.503265e-01
9.717731e-01	1.527136e-01	1.903672e-01
1.001487e-01	3.315610e-01	9.389696e-01
9.010401e-01	2.787337e-01	3.476617e-01
7.572379e-02	8.248003e-01	5.668043e-01
3.464096e-01	4.615337e-01	8.228944e-01
7.712098e-01	3.228077e-01	5.512392e-01
7.985360e-01	6.081438e-01	2.539563e-03
2.066279e-01	9.176671e-01	3.417725e-01
3.535376e-02	9.483121e-01	3.189839e-01
4.517825e-01	6.714068e-01	5.887532e-01
9.283089e-01	3.067363e-01	2.125283e-01
4.296920e-01	8.817356e-01	1.961569e-01
8.705314e-01	1.179126e-01	4.908554e-01
4.353367e-01	8.801969e-01	1.985045e-01
6.716246e-01	5.141237e-01	5.354485e-01
2.924342e-01	9.571288e-01	3.961069e-02
1.355592e-01	8.384017e-01	5.307440e-01
9.462952e-01	1.574214e-02	3.266918e-01
3.593360e-01	9.083472e-01	2.214642e-01
7.039386e-01	6.752454e-02	7.073183e-01
7.360803e-01	6.476510e-01	2.228509e-01
3.616256e-01	5.924845e-01	7.246465e-01
4.335130e-03	1.837474e-01	9.859776e-01
4.464892e-01	8.899525e-01	1.075639e-01
3.173429e-01	3.625040e-01	8.790286e-01
8.374394e-01	4.207461e-01	3.535857e-01
8.821952e-01	3.704723e-01	3.129467e-01
3.277341e-01	1.835208e-01	9.305893e-01
1.569260e-01	4.597509e-01	8.750786e-01
9.640803e-01	1.017890e-01	2.592755e-01
3.932410e-01	7.712460e-01	5.008594e-01
5.899241e-01	5.404654e-03	8.112974e-01
7.714192e-01	4.298444e-01	4.703631e-01
7.967161e-01	3.027774e-01	5.371725e-01
2.658578e-01	4.360609e-01	8.608372e-01
1.522693e-01	9.117156e-01	3.828797e-01
7.346806e-01	3.740476e-01	5.679066e-01
1.508172e-01	4.719581e-01	8.739549e-01
5.283279e-01	8.498680e-01	4.789120e-02
9.345679e-01	3.551345e-01	5.062728e-02
6.579253e-01	7.591289e-01	3.109253e-02
2.058416e-01	9.654110e-01	1.759918e-01
5.268155e-01	8.515605e-01	1.457174e-02
8.510966e-01	3.929777e-01	3.515453e-01
9.322155e-02	7.774599e-01	6.269586e-01
3.185403e-02	3.774371e-01	9.276717e-01
2.464552e-01	6.097397e-01	7.564396e-01
9.848790e-02	6.329111e-01	7.708786e-01
6.717692e-01	1.202408e-01	7.393329e-01
6.425914e-01	3.697409e-01	6.722395e-01
4.960709e-01	2.878286e-01	8.221691e-01
1.483082e-01	9.629235e-01	2.290490e-01
1.942696e-01	3.934089e-01	9.010976e-01
4.847073e-01	2.789749e-01	8.345633e-01
7.842197e-01	6.139200e-01	9.144231e-02
1.177523e-01	6.493761e-01	7.542093e-01
6.524002e-01	4.527617e-01	6.126488e-01
1.666594e-01	9.889111e-01	1.046683e-02
8.865279e-02	6.419058e-01	7.653106e-01
9.279050e-02	4.787706e-01	8.740126e-01
7.324197e-01	6.586044e-01	1.734253e-01
8.978709e-01	2.402163e-01	3.723476e-01
6.671482e-01	8.367288e-02	7.436217e-01
5.361685e-01	4.170617e-01	7.356111e-01
1.728839e-01	1.690402e-02	9.890279e-01
7.527430e-02	4.929954e-01	8.677131e-01
1.902808e-01	6.875671e-01	7.015121e-01
9.518976e-01	3.018208e-01	8.634711e-02
6.382824e-01	4.321441e-01	6.438719e-01
1.768494e-01	9.681270e-01	1.881495e-01
8.919803e-01	2.189052e-01	4.255295e-01
5.458313e-01	6.945088e-01	4.701703e-01
1.594267e-01	3.582553e-02	9.876632e-01
3.615027e-01	6.943562e-02	9.338835e-01
1.648759e-02	1.988622e-01	9.813980e-01
9.942016e-01	8.563490e-02	1.100474e-01
7.694389e-02	2.988920e-01	9.524139e-01
2.952061e-01	4.592889e-01	8.472323e-01
6.965166e-01	6.940338e-01	2.070027e-01
5.601562e-01	7.864406e-01	2.631665e-01
5.544681e-01	8.313562e-01	5.135073e-02
9.969896e-01	8.163015e-02	4.862532e-03
1.979479e-01	9.112129e-01	3.664781e-01
6.985197e-01	6.700474e-02	7.129339e-01
4.026853e-01	7.014685e-01	5.934415e-01
4.954670e-01	1.045548e-01	8.749227e-01
3.938352e-01	7.224171e-01	5.740100e-01
3.083790e-01	9.374039e-01	1.768102e-01
6.069436e-01	6.293986e-01	4.957337e-01
6.320341e-01	7.768872e-01	1.172862e-01
9.987906e-01	5.130694e-03	6.607241e-02
6.788397e-02	9.902472e-01	1.253111e-01
9.015666e-01	2.365323e-01	3.663258e-01
4.329561e-01	6.836427e-01	5.913807e-01
4.783349e-02	9.528740e-01	3.007766e-01
5.163622e-01	8.454402e-01	1.541306e-01
6.805755e-01	1.533663e-01	7.277890e-01
7.298327e-01	6.502832e-01	2.164095e-01
1.648960e-01	4.705366e-01	8.685102e-01
8.478905e-01	4.372188e-01	3.103191e-01
8.972434e-03	8.859090e-01	4.695599e-01
1.292744e-01	9.652762e-01	2.451838e-01
9.232196e-01	3.420167e-01	1.832416e-01
8.644421e-01	2.767149e-01	4.311911e-01
7.429345e-01	6.887177e-02	6.723488e-01
1.647074e-01	2.596883e-01	9.530279e-01
3.106210e-01	6.686284e-01	6.777658e-01
1.700007e-01	9.824634e-01	1.029238e-01
4.449556e-01	4.892394e-01	7.512955e-01
8.976119e-01	2.509997e-03	4.444169e-01
6.114397e-01	6.355312e-01	4.802775e-01
5.616378e-01	8.188918e-01	1.598106e-01
6.529422e-01	7.640757e-01	4.252026e-02
3.253574e-01	9.457757e-01	2.057278e-02
8.662284e-02	9.381828e-01	3.467483e-01
8.705193e-01	4.902222e-01	7.778388e-02
9.964380e-01	1.253116e-02	1.252857e-01
3.054978e-01	9.286456e-01	2.232594e-01
7.524504e-01	6.183039e-01	2.276744e-01
6.764597e-01	6.650090e-01	3.186427e-01
7.531194e-01	6.586068e-01	1.685712e-02
3.364477e-01	8.747515e-01	3.545368e-01
6.096583e-01	7.052116e-05	7.982657e-01
7.848683e-01	5.703911e-01	2.468140e-01
8.863277e-01	3.495651e-01	3.108161e-01
7.388236e-01	3.355110e-01	5.957797e-01
6.823803e-01	2.605495e-01	6.943711e-01
6.993877e-01	1.825864e-01	6.937771e-01
9.825716e-01	1.921119e-01	5.539551e-02
3.677113e-01	8.609799e-01	3.583154e-01
5.738552e-01	2.719173e-01	7.742850e-01
8.663108e-01	3.051490e-01	3.985757e-01
6.860880e-01	5.321771e-01	4.969687e-01
7.546469e-01	4.283330e-01	5.041547e-01
8.192803e-01	1.443399e-01	5.613982e-01
2.964323e-01	9.445136e-01	1.574512e-01
8.975754e-02	5.813370e-01	8.091588e-01
5.651095e-01	7.663745e-01	3.078889e-01
6.976201e-01	4.148863e-01	5.879748e-01
8.545888e-01	5.175717e-01	1.102880e-01
1.404569e-01	9.766910e-01	1.676801e-01
5.996768e-01	5.708679e-01	5.619303e-01
5.588634e-01	1.760281e-04	8.296743e-01
4.805834e-01	8.243968e-01	3.085199e-01
3.219318e-01	1.063743e-01	9.415357e-01
3.020517e-01	1.937126e-03	9.560707e-01
9.352993e-01	3.629802e-01	9.050263e-03
6.877744e-01	7.280717e-01	9.629483e-02
1.971235e-01	8.400142e-01	5.137442e-01
1.837901e-01	7.815097e-01	5.986533e-01
8.960255e-01	4.291800e-01	1.310172e-01
6.022945e-02	2.286761e-01	9.723649e-01
6.425102e-01	5.528717e-01	5.323231e-01
2.702291e-01	8.958911e-01	3.586330e-01
1.859793e-01	1.622977e-01	9.707316e-01
2.764581e-01	5.471033e-01	7.949251e-01
8.884406e-01	2.915625e-01	3.559198e-01
7.391200e-01	6.300865e-01	2.400297e-01
9.724570e-01	9.247397e-02	2.246992e-01
5.054718e-01	5.979923e-01	6.336355e-01
3.671407e-02	9.693125e-01	2.578864e-01
3.603197e-01	9.232052e-01	1.624034e-01
4.887560e-01	7.168153e-01	5.023072e-01
5.545793e-01	2.893420e-02	8.357847e-01
9.427512e-01	2.634373e-01	2.103009e-01
8.762122e-01	3.791106e-01	3.018271e-01
9.371607e-01	1.209613e-01	3.376046e-01
7.426334e-01	6.485665e-01	1.765360e-01
1.769428e-01	1.258830e-01	9.770506e-01
9.784098e-01	2.012480e-01	6.315672e-02
9.466753e-01	2.774843e-01	1.840812e-01
1.890806e-01	3.779755e-01	9.080529e-01
9.753526e-01	3.408970e-02	2.294921e-01
8.123760e-01	3.022428e-01	5.187214e-01
3.960443e-01	9.075952e-01	1.416660e-01
6.136495e-01	7.068261e-01	3.563108e-01
5.079600e-01	1.254030e-01	8.541400e-01
7.328963e-01	6.549859e-02	6.787914e-01
5.191843e-01	6.358848e-01	5.738413e-01
1.700548e-01	8.977778e-01	4.099001e-01
1.864610e-01	8.376489e-01	5.165993e-01
5.606330e-01	4.723885e-01	6.879450e-01
5.330972e-01	1.782514e-01	8.290548e-01
8.828930e-01	2.271849e-01	4.137677e-01
9.028213e-01	4.319082e-01	5.691105e-02
5.740924e-01	7.743018e-01	2.851891e-01
8.545790e-01	2.710047e-01	4.456307e-01
3.790268e-01	9.130948e-01	1.528403e-01
7.110625e-01	1.820966e-02	7.065635e-01
2.318422e-01	6.142842e-02	9.726528e-01
2.581712e-01	5.806990e-01	7.757933e-01
2.229132e-01	1.487015e-01	9.661520e-01
2.271697e-01	3.609875e-02	9.736412e-01
5.016849e-01	5.030847e-01	7.052118e-01
1.960113e-01	5.712814e-01	8.006384e-01
9.752439e-01	2.328867e-01	4.606893e-02
2.396638e-01	8.922026e-01	3.922305e-01
8.223075e-01	3.608975e-01	4.467047e-01
8.892941e-02	6.034523e-01	7.935254e-01
2.583656e-01	9.450063e-01	2.114590e-01
4.236023e-01	9.103314e-01	2.813180e-02
6.633410e-01	6.771405e-01	3.386689e-01
9.942676e-01	8.217130e-02	8.235136e-02
8.656112e-02	2.114737e-01	9.753847e-01
2.774552e-01	6.132744e-01	7.414312e-01
2.751504e-01	6.609430e-01	7.028582e-01
3.525682e-01	9.363335e-01	8.793760e-03
1.685707e-01	8.026083e-01	5.757059e-01
4.698763e-01	5.368436e-01	7.015324e-01
8.831879e-01	1.959332e-01	4.320666e-01
6.607528e-01	5.120598e-01	5.549664e-01
3.870616e-01	7.925902e-01	4.775893e-01
5.708802e-02	8.847789e-01	4.651377e-01
4.318402e-01	8.719318e-01	2.602034e-01
8.755946e-01	1.457683e-01	4.644092e-01
5.712121e-01	8.185774e-01	8.427989e-02
2.114478e-01	3.180622e-01	9.288054e-01
9.758205e-01	1.719019e-01	1.500451e-01
9.421103e-01	1.266468e-01	3.194388e-01
9.377274e-01	8.077054e-02	3.473756e-01
1.403250e-15	8.685939e-01	5.117248e-01
4.611139e-01	7.777538e-01	4.327171e-01
3.836588e-02	8.218959e-01	5.775810e-01
2.686302e-01	5.790283e-01	7.737766e-01
2.785415e-01	3.145227e-01	9.094604e-01
4.399398e-01	7.607922e-01	4.831395e-01
8.677443e-01	1.776342e-01	4.656132e-01
9.054574e-02	2.368724e-01	9.685866e-01
7.276675e-01	2.197413e-01	6.564728e-01
3.344125e-01	4.466821e-01	8.321773e-01
2.418914e-01	7.351791e-01	6.369620e-01
2.670922e-01	2.415981e-01	9.339696e-01
6.087795e-01	3.947101e-01	6.965957e-01
8.800053e-01	4.461184e-01	1.814115e-01
6.386031e-01	7.166348e-01	2.839392e-01
1.673679e-01	6.354694e-02	9.857478e-01
9.857866e-02	2.457814e-01	9.652392e-01
6.731868e-01	2.227471e-01	7.073226e-01
8.379892e-02	8.141756e-01	5.768305e-01
9.103519e-01	8.456563e-02	4.100176e-01
5.425419e-01	2.145260e-01	8.185965e-01
8.795194e-01	2.574214e-01	4.117554e-01
2.792790e-01	1.469289e-01	9.566504e-01
6.221575e-02	9.635074e-01	2.675170e-01
6.938813e-01	7.223204e-01	9.629943e-02
7.980427e-01	5.049933e-01	3.575310e-01
4.633800e-01	8.732894e-01	1.578336e-01
1.492947e-01	9.758353e-01	1.710896e-01
4.010160e-02	9.185219e-01	3.939822e-01
4.088306e-01	2.467081e-01	8.858144e-01
1.468253e-01	9.811715e-01	1.493242e-01
7.528745e-01	6.607208e-01	9.325264e-03
8.173151e-01	5.810751e-01	5.569218e-03
9.693588e-01	2.474083e-01	1.546585e-02
1.108743e-01	3.610203e-01	9.283675e-01
3.038613e-01	8.919783e-01	3.423801e-01
1.416537e-02	9.207040e-01	3.938319e-01
8.809475e-01	7.775470e-02	4.675337e-01
5.900247e-02	7.549254e-01	6.543519e-01
8.415444e-01	2.077568e-01	5.079767e-01
7.472849e-02	6.765416e-01	7.346292e-01
4.185643e-01	8.631102e-01	2.918643e-01
1.187429e-01	5.539978e-01	8.283084e-01
8.641487e-01	3.961421e-01	3.113428e-01
8.684310e-01	5.503664e-02	4.957315e-01
4.658233e-01	3.800631e-01	8.028793e-01
2.747455e-01	9.275395e-01	2.556586e-01
1.712487e-02	6.895759e-01	7.295285e-01
1.894518e-01	8.581689e-01	4.876615e-01
8.658276e-01	4.917106e-02	5.000958e-01
3.890379e-01	9.095815e-01	1.691430e-01
2.315457e-01	2.996676e-01	9.256462e-01
8.240540e-02	9.931079e-01	9.902365e-02
7.183709e-01	8.353792e-02	6.916117e-01
6.802245e-01	5.096508e-01	5.286759e-01
3.568407e-01	9.235256e-01	1.476744e-01
4.261513e-01	9.012714e-01	1.033213e-01
1.908434e-01	9.637892e-03	9.835502e-01
9.403030e-02	2.548326e-01	9.634093e-01
1.977663e-01	3.273898e-01	9.276428e-01
4.365477e-01	7.467853e-01	5.085400e-01
1.703806e-01	5.623092e-01	8.095268e-01
6.060309e-01	1.402560e-01	7.839241e-01
8.116110e-01	5.599912e-01	1.817804e-01
3.992282e-01	3.420348e-01	8.519570e-01
9.346876e-01	3.083228e-01	2.075048e-01
2.688345e-01	5.586569e-01	7.860718e-01
1.786437e-01	4.982967e-01	8.499187e-01
7.104344e-01	6.292402e-01	3.332504e-01
1.771109e-01	6.322403e-01	7.560537e-01
9.656131e-01	2.605981e-01	3.070380e-02
7.098449e-01	3.402719e-01	6.193812e-01
3.823310e-01	3.983239e-01	8.375496e-01
9.721190e-01	2.165684e-01	1.099410e-01
3.455545e-01	8.739415e-01	3.588060e-01
5.368752e-01	4.162283e-01	7.356621e-01
7.121023e-01	6.326380e-01	3.076162e-01
9.313899e-01	2.532936e-01	2.681707e-01
5.218904e-01	5.520234e-01	6.611864e-01
5.605157e-01	8.063559e-01	2.020158e-01
6.061612e-02	4.039173e-01	9.133602e-01
9.392701e-01	3.441492e-01	4.631997e-02
8.260985e-01	2.162638e-02	5.685521e-01
3.645040e-01	7.135987e-01	6.064511e-01
3.219152e-01	4.331947e-01	8.485944e-01
7.973070e-01	2.660875e-01	5.422974e-01
9.392792e-01	3.168235e-01	1.681276e-01
1.019195e-02	1.752513e-01	9.851241e-01
5.992438e-01	2.922464e-01	7.499927e-01
8.668921e-01	4.724423e-02	5.007932e-01
7.435039e-01	1.410337e-02	6.713191e-01
3.381884e-01	7.026368e-01	6.347477e-01
4.829111e-03	1.782559e-01	9.844423e-01
8.550550e-02	9.408143e-01	3.426855e-01
2.157287e-02	2.601974e-01	9.670161e-01
3.474165e-01	1.579930e-01	9.263384e-01
8.441305e-01	4.750554e-01	2.562636e-01
1.379577e-01	7.425898e-01	6.596690e-01
5.379374e-01	6.345834e-01	5.597804e-01
8.927456e-01	4.549795e-01	7.266990e-02
2.971745e-01	3.141591e-01	9.029680e-01
2.571765e-01	7.829316e-01	5.792970e-01
7.372849e-01	6.710821e-01	1.084286e-01
5.971378e-01	7.173370e-01	3.751309e-01
6.483539e-01	7.392309e-01	1.882439e-01
5.967211e-01	6.411693e-01	4.839031e-01
1.980791e-01	3.387433e-03	9.805388e-01
9.990326e-01	2.373722e-02	4.315935e-02
4.520864e-01	4.079879e-01	7.972147e-01
6.740679e-01	1.184658e-01	7.314633e-01
1.637149e-01	4.643619e-01	8.713958e-01
9.497209e-01	9.518127e-07	3.718488e-01
2.485643e-02	8.173605e-01	5.994638e-01
3.946710e-01	9.174678e-01	1.090864e-01
4.018512e-01	8.950453e-01	1.971252e-01
6.621625e-01	7.419689e-01	1.504515e-01
6.192215e-01	5.601165e-01	5.547115e-01
7.389334e-01	6.167068e-01	2.736558e-01
3.591930e-01	9.293288e-01	9.169487e-02
5.490722e-01	5.727167e-01	6.198068e-01
7.241019e-01	6.376373e-01	2.741783e-01
4.369385e-01	5.948424e-01	6.758128e-01
5.539386e-01	8.367961e-01	1.480354e-05
2.893247e-03	7.105866e-01	7.078140e-01
7.494603e-01	5.798480e-01	3.216751e-01
1.955484e-01	7.905096e-01	5.831815e-01
3.430355e-01	8.228501e-01	4.596417e-01
2.341225e-01	2.319737e-01	9.471721e-01
3.620509e-01	4.906806e-01	7.967058e-01
1.945821e-02	9.922463e-01	1.331230e-01
6.644323e-01	1.743185e-01	7.287784e-01
6.831998e-02	5.519206e-01	8.350218e-01
7.961594e-01	6.017683e-01	1.066508e-01
2.414330e-01	9.130031e-01	3.315664e-01
3.528360e-01	7.808528e-01	5.304748e-01
2.349438e-01	2.327875e-01	9.457284e-01
6.456253e-01	9.330526e-02	7.601484e-01
3.667178e-01	2.155048e-01	9.074174e-01
8.252695e-01	3.861799e-01	4.270902e-01
7.887671e-01	4.663204e-01	4.058784e-01
1.554473e-01	9.750809e-01	1.609110e-01
5.061387e-01	5.987812e-01	6.317019e-01
8.434987e-02	4.680546e-01	8.834217e-01
2.501902e-02	7.949559e-01	6.080504e-01
3.428096e-01	3.822068e-01	8.618002e-01
7.690979e-02	9.809589e-01	2.159976e-01
4.619060e-01	3.682820e-01	8.119001e-01
4.381683e-01	3.543337e-01	8.284539e-01
7.711580e-01	6.074894e-01	2.057328e-01
3.765481e-01	7.945988e-01	4.918769e-01
8.844346e-01	2.902478e-01	3.729815e-01
3.500056e-01	5.556081e-01	7.598312e-01
3.302897e-01	7.789543e-01	5.347762e-01
9.481214e-01	2.509891e-01	1.961402e-01
5.610446e-01	2.680772e-01	8.001566e-01
7.185234e-01	3.342243e-01	6.163512e-01
6.436504e-01	3.696429e-03	7.665634e-01
3.955309e-01	2.969834e-01	8.709180e-01
2.904970e-01	3.204078e-01	9.030671e-01
9.412824e-01	2.685664e-01	2.086572e-01
2.403331e-01	2.927534e-01	9.258091e-01
3.298490e-01	9.405945e-01	1.027587e-01
4.130346e-01	4.631428e-01	7.870323e-01
4.775897e-01	2.888742e-01	8.341093e-01
8.518285e-01	2.228373e-01	4.766175e-01
3.920783e-02	8.290898e-01	5.579667e-01
2.681503e-01	5.720473e-02	9.631222e-01
2.325598e-02	8.637836e-01	5.057346e-01
8.265095e-01	4.612168e-01	3.294317e-01
5.865422e-01	2.849990e-01	7.612962e-01
2.595811e-01	8.665364e-01	4.293984e-01
3.468238e-01	4.311788e-01	8.340357e-01
2.528760e-01	8.479920e-02	9.668668e-01
1.414775e-01	1.053611e-01	9.853220e-01
4.681423e-01	8.684332e-01	1.698154e-01
9.439388e-01	1.764890e-01	2.880205e-01
3.285376e-01	6.883236e-01	6.474433e-01
4.930871e-01	7.044430e-01	5.129545e-01
8.550937e-01	3.094008e-01	4.168770e-01
3.189120e-01	4.687289e-01	8.271233e-01
2.169019e-01	9.524848e-01	2.179374e-01
1.577077e-01	7.190003e-01	6.779390e-01
2.654621e-01	9.476972e-01	1.912883e-01
3.222135e-01	4.525603e-01	8.343827e-01
9.960416e-01	8.231790e-02	8.136733e-02
9.967245e-01	5.644599e-02	7.983482e-02
2.285487e-01	4.855459e-01	8.458021e-01
7.211867e-01	1.454149e-01	6.786840e-01
1.304161e-01	6.050721e-01	7.904043e-01
9.867842e-01	7.220909e-02	1.490029e-01
1.836050e-01	2.694567e-03	9.850155e-01
6.869537e-01	8.172157e-02	7.258461e-01
6.280954e-01	7.234654e-01	2.928817e-01
5.273379e-01	3.034148e-01	7.955345e-01
6.268766e-01	3.847442e-02	7.820840e-01
5.440524e-01	9.035199e-02	8.366026e-01
8.823564e-01	4.356362e-01	1.848103e-01
4.195081e-01	2.934975e-01	8.621700e-01
9.248144e-01	2.742769e-01	2.774424e-01
6.708114e-01	4.381087e-04	7.439925e-01
7.306365e-01	6.840899e-01	2.801079e-02
2.533535e-01	4.133394e-01	8.809713e-01
8.907271e-01	4.622513e-01	2.803086e-02
9.152467e-01	1.487248e-01	3.824641e-01
1.344308e-01	7.150699e-01	6.903874e-01
3.903231e-02	2.655889e-01	9.646514e-01
4.578871e-01	5.015656e-01	7.379353e-01
9.665155e-01	2.640378e-01	9.372038e-04
4.215103e-01	1.908717e-01	8.872015e-01
5.233523e-02	3.754129e-01	9.283192e-01
1.276848e-01	4.303172e-01	8.948557e-01
7.884816e-01	6.178441e-01	3.034256e-02
5.241198e-01	5.577297e-01	6.479170e-01
4.872663e-01	6.961273e-01	5.284395e-01
7.169466e-01	1.487400e-03	7.001709e-01
6.467384e-01	6.119729e-01	4.560500e-01
3.433829e-01	8.751814e-01	3.439070e-01
1.572519e-01	1.854917e-01	9.746368e-01
9.386405e-01	3.016745e-01	1.829089e-01
8.802735e-01	4.564311e-01	1.390608e-01
8.747165e-01	3.706764e-01	3.199315e-01
7.806105e-01	4.977210e-01	3.896968e-01
6.551528e-01	7.481326e-01	1.166584e-01
4.983038e-01	6.487905e-01	5.761226e-01
6.136448e-01	2.649553e-01	7.489226e-01
6.990584e-01	1.790224e-02	7.186266e-01
1.000621e+00	1.302298e-01	8.199558e-04
8.361213e-01	5.003263e-01	2.485292e-01
1.810317e-01	6.235573e-01	7.666597e-01
8.573311e-02	9.356289e-01	3.495577e-01
5.619789e-01	6.405967e-01	5.261654e-01
8.967809e-02	7.811947e-01	6.202102e-01
5.706829e-01	5.240248e-01	6.353290e-01
7.451829e-01	4.558139e-01	4.940150e-01
1.434797e-01	6.729294e-01	7.267041e-01
8.683809e-03	1.000445e+00	3.807537e-03
7.659646e-01	6.171633e-01	1.832694e-01
1.001706e+00	1.646628e-02	0.000000e+00
3.199768e-01	8.070975e-01	5.019647e-01
9.485845e-01	2.569668e-01	1.936339e-01
4.762755e-01	8.640954e-01	1.761730e-01
7.266870e-01	3.945170e-01	5.693036e-01
1.468072e-01	9.204540e-01	3.644649e-01
4.608550e-01	8.271214e-01	3.254143e-01
4.868710e-01	7.049350e-01	5.207347e-01
7.288651e-01	6.680879e-01	1.753566e-01
1.720723e-03	6.184672e-01	7.886007e-01
9.620951e-01	1.464301e-01	2.329580e-01
7.258805e-01	3.047538e-01	6.203576e-01
6.222587e-01	3.763784e-01	6.899706e-01
4.140894e-01	1.891169e-01	8.915053e-01
6.879036e-01	6.500509e-01	3.243749e-01
3.833762e-01	6.283436e-01	6.848839e-01
2.431620e-01	8.684222e-01	4.388292e-01
6.979146e-01	7.225959e-01	4.257968e-02
7.688357e-01	1.858452e-01	6.194997e-01
9.100986e-01	2.846000e-02	4.153604e-01
3.979799e-01	9.114251e-01	1.346966e-01
3.814652e-01	2.960427e-01	8.769270e-01
4.659400e-01	7.190214e-01	5.181752e-01
9.563590e-01	4.766378e-02	2.906735e-01
2.776631e-02	5.756804e-01	8.185712e-01
7.676413e-01	5.805522e-01	2.811217e-01
6.479789e-01	6.305135e-01	4.404306e-01
2.760039e-01	9.667675e-01	3.618353e-02
1.033804e-01	9.840887e-01	1.503800e-01
1.488048e-01	2.260161e-02	9.914400e-01
2.943374e-01	4.572689e-02	9.554491e-01
1.080764e-01	6.062986e-01	7.903593e-01
6.775504e-01	7.359558e-01	1.669596e-03
9.311977e-01	3.387053e-01	1.513624e-01
7.972204e-01	6.099040e-01	6.548277e-03
8.459149e-01	9.674003e-02	5.309859e-01
1.392383e-01	7.198925e-01	6.825613e-01
6.164634e-01	4.749055e-01	6.297395e-01
9.580880e-01	3.035197e-01	1.904781e-03
2.976642e-01	7.133876e-01	6.366111e-01
2.978679e-01	7.782243e-01	5.626638e-01
9.013811e-01	4.348493e-01	1.712461e-02
6.456281e-01	7.490075e-01	1.726602e-01
1.690525e-02	9.175603e-02	9.977608e-01
9.890004e-01	1.607095e-01	9.052848e-03
5.630572e-01	1.882691e-01	8.069247e-01
9.144864e-01	3.014570e-01	3.081935e-01
1.575904e-01	8.690738e-01	4.715005e-01
9.377851e-01	1.367880e-02	3.602196e-01
2.930402e-03	7.284028e-01	6.857716e-01
5.054055e-01	5.646945e-01	6.529503e-01
1.248832e-02	1.390442e-01	9.914555e-01
8.596588e-01	3.431708e-01	3.799190e-01
4.314917e-01	6.844183e-01	5.912882e-01
6.751688e-01	1.964126e-01	7.179090e-01
6.555040e-02	9.860888e-01	1.740026e-01
6.158467e-01	7.770837e-01	2.218227e-01
9.558117e-01	2.947520e-01	2.174344e-02
1.011252e-01	6.428026e-01	7.620086e-01
9.508294e-01	2.942256e-01	1.009263e-01
9.792355e-01	1.271090e-01	1.596476e-01
6.509390e-01	6.766316e-01	3.592251e-01
6.652254e-01	1.889950e-01	7.280042e-01
6.308333e-01	5.634243e-02	7.774137e-01
6.585318e-01	3.269313e-01	6.839172e-01
6.244419e-01	7.818566e-01	1.466657e-02
8.811600e-01	4.444951e-01	1.827617e-01
9.686889e-01	1.076638e-02	2.509171e-01
1.514713e-01	9.381372e-01	3.212956e-01
6.144209e-01	2.557022e-01	7.486379e-01
9.214461e-01	2.743634e-01	2.764396e-01
4.886357e-01	7.203416e-01	4.991804e-01
9.213039e-01	2.070306e-01	3.344549e-01
6.343596e-01	4.935061e-01	5.994157e-01
5.034669e-01	5.251475e-01	6.958188e-01
1.456978e-03	9.745949e-01	2.288449e-01
7.708177e-01	6.436005e-01	4.193687e-02
7.622653e-01	3.845271e-01	5.330220e-01
5.653770e-01	8.101905e-01	1.708311e-01
3.911515e-01	8.877731e-01	2.448882e-01
1.910365e-01	5.800351e-01	7.976606e-01
7.803886e-01	4.003066e-01	4.833053e-01
3.941098e-02	9.078964e-01	4.228372e-01
7.019222e-01	1.840300e-01	6.928959e-01
7.305127e-01	6.696225e-01	1.534704e-01
4.198758e-01	8.730974e-01	2.604755e-01
6.594161e-01	2.416105e-01	7.145220e-01
7.245895e-01	4.867049e-01	5.071424e-01
1.662728e-01	8.778111e-01	4.530649e-01
8.564766e-01	4.159047e-05	5.220348e-01
6.722739e-01	2.015651e-01	7.160592e-01
9.041008e-01	2.248799e-01	3.698702e-01
8.285249e-01	2.460206e-01	5.045205e-01
2.832823e-01	1.168406e-02	9.619469e-01
8.248580e-03	6.028411e-01	7.992132e-01
5.456844e-02	2.476299e-01	9.685205e-01
1.526990e-01	5.020266e-01	8.563350e-01
1.000565e+00	5.054259e-02	1.870553e-02
4.476996e-02	8.221897e-01	5.744370e-01
4.756312e-01	7.474337e-01	4.736899e-01
1.353571e-01	1.237050e-01	9.836479e-01
5.401796e-01	1.617205e-01	8.276009e-01
2.762284e-01	1.911016e-01	9.428280e-01
3.235324e-01	2.963658e-01	9.011039e-01
7.515771e-01	7.327645e-02	6.568842e-01
9.855349e-01	1.081311e-01	1.405775e-01
5.368494e-01	8.373653e-01	1.056581e-01
7.489813e-01	3.932232e-01	5.387163e-01
3.354600e-01	8.681911e-01	3.715366e-01
2.233688e-01	8.152967e-01	5.383416e-01
8.569939e-01	1.916384e-01	4.799787e-01
4.381884e-01	5.963754e-01	6.737570e-01
4.161922e-01	9.018550e-01	1.209703e-01
9.871641e-01	9.371145e-02	1.421360e-01
1.713879e-01	6.416441e-01	7.502224e-01
1.533322e-02	8.788682e-01	4.782600e-01
2.906696e-01	9.523477e-01	1.154665e-01
3.141800e-01	7.677660e-01	5.600821e-01
7.154974e-01	6.359771e-01	2.950684e-01
3.980834e-01	8.149910e-01	4.277567e-01
8.612808e-01	7.633410e-02	5.108822e-01
9.720171e-01	1.128189e-01	2.092357e-01
1.139419e-01	9.941412e-01	4.056540e-02
3.256670e-01	2.361768e-01	9.216644e-01
7.421078e-01	7.197148e-02	6.671560e-01
1.351187e-01	8.167842e-01	5.730886e-01
4.428744e-01	6.539330e-01	6.181072e-01
8.879052e-02	6.025098e-01	7.960799e-01
4.009130e-01	8.397363e-01	3.899107e-01
2.179177e-01	6.435193e-01	7.372567e-01
1.012091e-01	2.068539e-01	9.749143e-01
5.172067e-01	6.020559e-03	8.572971e-01
4.624243e-01	1.304745e-01	8.806301e-01
8.672588e-02	6.726895e-01	7.364018e-01
5.233247e-01	6.409518e-01	5.649148e-01
1.736254e-01	5.751786e-01	7.999628e-01
3.102761e-01	7.697578e-01	5.603362e-01
9.535465e-01	3.519172e-02	3.035694e-01
3.100211e-01	9.121168e-01	2.773981e-01
3.229820e-01	8.523916e-01	4.166899e-01
5.762881e-01	5.200194e-01	6.322258e-01
8.781750e-02	4.671226e-01	8.828854e-01
5.743676e-01	6.689610e-01	4.785785e-01
